#Recorded data from Servotor32
#datetime: 20-11-2020_21h-37m-37s
#filename: tripod_x_b_sensors_closed_horizontal_floor_loaded_20-11-2020_21h-37m-37s.csv
#
#------------------------------------------------------
#Settings:
#
#Identity: 0
#Gait: tripod
#Feedback config: closed
#Sensors: horizontal
#Sensors cut: 0
#
#------------------------------------------------------
#Parameters:
#
#g=1.70
#y_bar=0.40
#a=5.00
#tau_x=0.13
#tau_b=0.20
#Y_max=0.95
#sensor_start=5
#dt=110ms
#direction=1.00
#ics_tau=0.85
#
#------------------------------------------------------
#Recording info:
#
#Ground: floor
#Extra load: loaded
#Tripod calibration: 0
#Surface: rubber
#Recorded datatype: int
#
#-calibration: for gait specific motor limits due to weight force
#-sensor_start: number of loops when feedback loop closes
#-sensor_start ensures starting stability for closed loop
#-because motors are in stance position at the start
#
#------------------------------------------------------
#Leg numbering:
#
#0: front left
#1: middle left
#2: back left
#3: back right
#4: middle right
#5: front right
#
#------------------------------------------------------
#Recorded variables:
#
#n: step count
#t: total time
#dt: step time
#delay: waiting time for calculation time to reach step time dt
#
#x_i: neural membrane
#b_v_i: neural bias (vertical)
#sensor_i: normalized sensor values
#
#------------------------------------------------------
#Calculated variables from recorded data:
#
#fb_i: membrane feedback unscaled
#y_v_i: neural activation (vertical)
#b_v_avg_i: neural bias average value (vertical)
#b_v_min: minimal neural bias value of current period
#b_v_max: maximal neural bias value of current period
#y_h_i: neural activation (horizontal)
#b_v_sens_h_i: vertical neural bias (via horizontal sensors)
#
#------------------------------------------------------
#File info:
#
##out marks the columns recorded on Servotor32
#Initial conditions in first row at n=-1
#
#------------------------------------------------------
#Data:#
#number,#out0, #out1, #out2, #out3, #out4, #out5, #out6, #out7, #out8, #out9, #out10, #out11, #out12, #out13, #out14, #out15, #out16, #out17, #out18, #out19, #out20, #out21
,n,t,dt,delay,x_0,x_1,x_2,x_3,x_4,x_5,b_v_0,b_v_1,b_v_2,b_v_3,b_v_4,b_v_5,sensor_0,sensor_1,sensor_2,sensor_3,sensor_4,sensor_5,sensor_cut_0,sensor_cut_1,sensor_cut_2,sensor_cut_3,sensor_cut_4,sensor_cut_5,fb_0,fb_1,fb_2,fb_3,fb_4,fb_5,y_v_0,y_v_1,y_v_2,y_v_3,y_v_4,y_v_5,b_v_avg_0,b_v_avg_1,b_v_avg_2,b_v_avg_3,b_v_avg_4,b_v_avg_5,b_v_min_0,b_v_min_1,b_v_min_2,b_v_min_3,b_v_min_4,b_v_min_5,b_v_max_0,b_v_max_1,b_v_max_2,b_v_max_3,b_v_max_4,b_v_max_5,y_h_0,y_h_1,y_h_2,y_h_3,y_h_4,y_h_5,b_v_sens_h_0,b_v_sens_h_1,b_v_sens_h_2,b_v_sens_h_3,b_v_sens_h_4,b_v_sens_h_5,a_h_0,a_h_1,a_h_2,a_h_3,a_h_4,a_h_5
0,-1,-0.1,0.0,0.0,5.1,-5.1,5.1,-5.1,5.1,-5.1,2.55,1.7,2.55,1.7,2.55,1.7,0.946,0.439,-0.444,0.224,0.483,1.023,0.946,0.439,0.0,0.224,0.483,1.0,3.0,0.0,3.0,0.0,3.0,0.0,1.0,0.0,1.0,0.0,1.0,0.0,2.55,2.55,2.55,2.55,2.55,2.55,0.0,0.0,0.0,0.0,0.0,0.0,5.1,5.1,5.1,5.1,5.1,5.1,0.5,0.273,0.5,0.273,0.5,0.273,2.55,1.7,2.55,1.7,2.55,1.7,1.155,1.155,1.155,1.155,1.155,1.155
1,0,0.0,0.11,0.0,5.1,-5.1,5.1,-5.1,5.1,-5.1,2.88,1.48,2.88,1.48,2.88,1.48,1.032,0.468,-0.352,0.204,0.462,1.031,1.0,0.468,0.0,0.204,0.462,1.0,3.0,0.0,3.0,0.0,3.0,0.0,1.0,0.0,1.0,0.0,1.0,0.0,2.55,2.55,2.55,2.55,2.55,2.55,0.0,0.0,0.0,0.0,0.0,0.0,5.1,5.1,5.1,5.1,5.1,5.1,0.594,0.225,0.594,0.225,0.594,0.225,5.1,2.387,0.0,1.04,2.356,5.1,1.155,1.155,1.155,1.155,1.155,1.155
2,1,0.114,0.112,0.013,5.1,-5.1,5.1,-5.1,5.1,-5.1,3.216,1.256,3.216,1.256,3.216,1.256,1.022,0.468,-0.37,0.204,0.462,1.016,1.0,0.468,0.0,0.204,0.462,1.0,3.0,0.0,3.0,0.0,3.0,0.0,1.0,0.0,1.0,0.0,1.0,0.0,3.99,2.55,3.99,2.55,3.99,2.55,2.88,0.0,2.88,0.0,2.88,0.0,5.1,5.1,5.1,5.1,5.1,5.1,0.114,0.183,0.114,0.183,0.114,0.183,5.1,2.387,0.0,1.04,2.356,5.1,2.653,1.155,2.653,1.155,2.653,1.155
3,2,0.228,0.111,0.018,5.1,-5.1,5.1,-5.1,5.1,-5.1,3.549,1.034,3.549,1.034,3.549,1.034,1.667,0.921,1.148,-0.48,0.055,0.055,1.0,0.921,1.0,0.0,0.055,0.055,3.0,0.0,3.0,0.0,3.0,0.0,1.0,0.0,1.0,0.0,1.0,0.0,3.99,2.55,3.99,2.55,3.99,2.55,2.88,0.0,2.88,0.0,2.88,0.0,5.1,5.1,5.1,5.1,5.1,5.1,0.237,0.148,0.237,0.148,0.237,0.148,5.1,4.697,5.1,0.0,3.002,0.28,2.653,1.155,2.653,1.155,2.653,1.155
4,3,0.34,0.11,0.02,5.1,-5.1,5.1,-5.1,5.1,-5.1,3.879,0.814,3.879,0.814,3.879,0.814,0.925,0.453,0.981,-0.071,0.476,0.25,0.925,0.453,0.981,0.0,0.476,0.25,3.0,0.0,3.0,0.0,3.0,0.0,1.0,0.0,1.0,0.0,1.0,0.0,3.99,2.55,3.99,2.55,3.99,2.55,2.88,0.0,2.88,0.0,2.88,0.0,5.1,5.1,5.1,5.1,5.1,5.1,0.427,0.119,0.427,0.119,0.427,0.119,4.934,2.31,5.058,0.0,3.937,1.275,2.653,1.155,2.653,1.155,2.653,1.155
5,4,0.453,0.111,0.014,5.098,-5.098,5.098,-5.098,5.098,-5.098,4.21,0.592,4.21,0.592,4.21,0.592,0.935,0.317,0.815,0.082,0.69,0.438,0.935,0.317,0.815,0.082,0.69,0.438,2.999,0.0,2.999,0.0,2.999,0.0,0.998,0.0,0.998,0.0,0.998,0.0,3.99,2.55,3.99,2.55,3.99,2.55,2.88,0.0,2.88,0.0,2.88,0.0,5.1,5.1,5.1,5.1,5.1,5.1,0.642,0.094,0.642,0.094,0.642,0.094,4.956,1.617,4.689,0.418,4.412,2.234,2.653,1.155,2.653,1.155,2.653,1.155
6,5,0.566,0.11,0.016,5.09,-5.09,5.09,-5.09,5.09,-5.09,4.534,0.372,4.534,0.372,4.534,0.372,0.914,0.273,1.167,0.082,0.697,0.148,0.914,0.273,1.0,0.082,0.697,0.148,2.993,0.0,2.993,0.0,2.993,0.0,0.988,0.0,0.988,0.0,0.988,0.0,3.99,2.55,3.99,2.55,3.99,2.55,2.88,0.0,2.88,0.0,2.88,0.0,5.1,5.1,5.1,5.1,5.1,5.1,0.809,0.075,0.809,0.075,0.809,0.075,4.909,1.392,5.1,0.418,4.427,0.755,2.653,1.155,2.653,1.155,2.653,1.155
7,6,0.678,0.11,0.019,5.046,-5.046,5.046,-5.046,5.046,-5.046,4.696,0.152,4.32,0.152,4.858,0.152,0.957,0.158,1.167,0.02,0.814,0.359,0.957,0.158,1.0,0.02,0.814,0.359,2.964,0.0,2.964,0.0,2.964,0.0,0.552,0.0,0.433,0.0,0.857,0.0,3.99,2.55,3.707,2.55,3.99,2.55,2.88,0.0,2.88,0.0,2.88,0.0,5.1,5.1,4.534,5.1,5.1,5.1,0.867,0.059,0.899,0.059,0.909,0.059,5.005,0.806,5.1,0.102,4.687,1.831,2.653,1.155,3.56,1.155,2.653,1.155
8,7,0.791,0.111,0.011,3.198,-3.198,3.198,-3.198,3.198,-3.198,4.474,-0.07,4.098,-0.07,4.716,-0.07,1.194,0.209,1.722,-0.092,0.697,-0.039,1.0,0.209,1.0,0.0,0.697,0.0,1.655,0.0,1.299,0.0,2.572,0.0,0.0,0.0,0.001,0.0,0.002,0.0,3.788,2.515,3.707,2.515,3.869,2.515,2.88,-0.07,2.88,-0.07,2.88,-0.07,4.696,5.1,4.534,5.1,4.858,5.1,0.902,0.05,0.801,0.05,0.926,0.05,5.1,1.066,4.534,0.0,4.427,0.0,3.243,1.139,3.56,1.139,2.977,1.139
9,8,0.902,0.11,0.01,0.701,-0.701,0.701,-0.701,0.701,-0.701,4.254,-0.289,3.878,-0.288,4.496,-0.29,1.043,0.137,1.333,0.092,0.841,0.313,1.0,0.137,1.0,0.092,0.841,0.313,0.0,0.0,0.004,0.0,0.006,0.0,0.0,0.001,0.0,0.004,0.0,0.0,3.788,2.406,3.707,2.406,3.869,2.405,2.88,-0.289,2.88,-0.288,2.88,-0.29,4.696,5.1,4.534,5.1,4.858,5.1,0.819,0.05,0.648,0.05,0.866,0.05,4.696,0.638,4.534,0.406,4.543,1.548,3.243,1.093,3.56,1.093,2.977,1.093
10,9,1.014,0.11,0.005,0.1,-0.1,0.1,-0.1,0.1,-0.1,4.034,-0.476,3.658,-0.359,4.276,-0.444,1.086,0.137,1.296,0.071,0.814,0.109,1.0,0.137,1.0,0.071,0.814,0.109,0.0,0.004,0.0,0.012,0.0,0.0,0.0,0.06,0.0,0.274,0.0,0.121,3.788,2.312,3.707,2.37,3.869,2.328,2.88,-0.476,2.88,-0.359,2.88,-0.444,4.696,5.1,4.534,5.1,4.858,5.1,0.689,0.05,0.456,0.05,0.771,0.05,4.696,0.449,4.534,0.095,4.49,0.298,3.243,1.056,3.56,1.079,2.977,1.062
11,10,1.127,0.11,0.01,-0.634,0.634,-0.634,0.634,-0.634,0.634,3.814,-0.204,3.438,-0.029,4.056,-0.172,1.043,0.122,1.389,-0.122,0.752,0.117,1.0,0.122,1.0,0.0,0.752,0.117,0.0,0.181,0.0,0.823,0.0,0.362,0.0,0.896,0.0,0.993,0.0,0.895,3.788,2.312,3.707,2.37,3.869,2.328,2.88,-0.476,2.88,-0.359,2.88,-0.444,4.696,5.1,4.534,5.1,4.858,5.1,0.521,0.066,0.277,0.07,0.636,0.066,4.696,0.204,4.534,-0.359,4.367,0.205,3.243,1.056,3.56,1.079,2.977,1.062
12,11,1.239,0.11,0.012,-4.11,4.11,-4.11,4.11,-4.11,4.11,3.594,0.126,3.218,0.301,3.836,0.158,1.065,0.065,1.167,0.092,0.834,0.297,1.0,0.065,1.0,0.092,0.834,0.297,0.0,2.687,0.0,2.979,0.0,2.686,0.0,1.0,0.0,1.0,0.0,1.0,3.788,2.312,3.707,2.37,3.869,2.328,2.88,-0.476,2.88,-0.359,2.88,-0.444,4.696,5.1,4.534,5.1,4.858,5.1,0.348,0.09,0.149,0.097,0.475,0.091,4.696,-0.114,4.534,0.143,4.53,1.203,3.243,1.056,3.56,1.079,2.977,1.062
13,12,1.354,0.112,0.012,-4.963,4.963,-4.963,4.963,-4.963,4.963,3.37,0.462,2.994,0.637,3.612,0.494,1.505,0.36,2.37,-0.439,0.552,-0.383,1.0,0.36,1.0,0.0,0.552,0.0,0.0,3.0,0.0,3.0,0.0,3.0,0.0,1.0,0.0,1.0,0.0,1.0,3.788,2.312,3.707,2.37,3.869,2.328,2.88,-0.476,2.88,-0.359,2.88,-0.444,4.696,5.1,4.534,5.1,4.858,5.1,0.205,0.124,0.073,0.134,0.318,0.125,4.696,1.531,4.534,-0.359,3.972,-0.444,3.243,1.056,3.56,1.079,2.977,1.062
14,13,1.468,0.111,0.017,-5.08,5.08,-5.08,5.08,-5.08,5.08,3.148,0.795,2.772,0.97,3.39,0.827,1.043,0.18,1.463,-0.133,0.717,0.039,1.0,0.18,1.0,0.0,0.717,0.039,0.0,3.0,0.0,3.0,0.0,3.0,0.0,1.0,0.0,1.0,0.0,1.0,3.788,2.312,3.653,2.37,3.869,2.328,2.88,-0.476,2.772,-0.359,2.88,-0.444,4.696,5.1,4.534,5.1,4.858,5.1,0.112,0.168,0.05,0.181,0.194,0.169,4.696,0.528,4.534,-0.359,4.298,-0.228,3.243,1.056,3.342,1.079,2.977,1.062
15,14,1.58,0.11,0.013,-5.097,5.097,-5.097,5.097,-5.097,5.097,2.928,1.125,2.552,1.3,3.17,1.157,0.892,0.072,1.037,0.082,0.766,0.18,0.892,0.072,1.0,0.082,0.766,0.18,0.0,3.0,0.0,3.0,0.0,3.0,0.0,1.0,0.0,1.0,0.0,1.0,3.788,2.312,3.543,2.37,3.869,2.328,2.88,-0.476,2.552,-0.359,2.88,-0.444,4.696,5.1,4.534,5.1,4.858,5.1,0.058,0.222,0.05,0.24,0.111,0.224,4.5,-0.075,4.534,0.089,4.395,0.554,3.243,1.056,2.971,1.079,2.977,1.062
16,15,1.692,0.11,0.012,-5.1,5.1,-5.1,5.1,-5.1,5.1,2.708,1.455,2.332,1.63,2.95,1.487,0.903,0.122,0.926,0.133,0.779,0.227,0.903,0.122,0.926,0.133,0.779,0.227,0.0,3.0,0.0,3.0,0.0,3.0,0.0,1.0,0.0,1.0,0.0,1.0,3.702,2.312,3.433,2.37,3.869,2.328,2.708,-0.476,2.332,-0.359,2.88,-0.444,4.696,5.1,4.534,5.1,4.858,5.1,0.05,0.288,0.05,0.31,0.061,0.29,4.52,0.204,4.387,0.367,4.421,0.814,2.962,1.056,2.674,1.079,2.977,1.062
17,16,1.807,0.111,0.017,-5.1,5.1,-5.1,5.1,-5.1,5.1,2.486,1.788,2.11,1.963,2.728,1.82,0.925,0.165,0.87,0.194,0.531,0.203,0.925,0.165,0.87,0.194,0.531,0.203,0.0,3.0,0.0,3.0,0.0,3.0,0.0,1.0,0.0,1.0,0.0,1.0,3.591,2.312,3.322,2.37,3.793,2.328,2.486,-0.476,2.11,-0.359,2.728,-0.444,4.696,5.1,4.534,5.1,4.858,5.1,0.05,0.365,0.05,0.392,0.05,0.368,4.547,0.444,4.248,0.7,3.93,0.681,2.665,1.056,2.429,1.079,2.765,1.062
18,17,1.919,0.11,0.012,-5.1,5.1,-5.1,5.1,-5.1,5.1,2.266,2.118,1.89,2.293,2.508,2.15,0.828,0.223,0.741,0.316,0.676,0.242,0.828,0.223,0.741,0.316,0.676,0.242,0.0,3.0,0.0,3.0,0.0,3.0,0.0,1.0,0.0,1.0,0.0,1.0,3.481,2.312,3.212,2.37,3.683,2.328,2.266,-0.476,1.89,-0.359,2.508,-0.444,4.696,5.1,4.534,5.1,4.858,5.1,0.05,0.449,0.05,0.479,0.05,0.453,4.316,0.767,3.906,1.366,4.168,0.898,2.423,1.056,2.227,1.079,2.506,1.062
19,18,2.031,0.11,0.012,-5.1,5.1,-5.1,5.1,-5.1,5.1,2.046,2.448,1.67,2.623,2.288,2.48,0.688,0.36,0.685,0.316,0.531,0.336,0.688,0.36,0.685,0.316,0.531,0.336,0.0,3.0,0.0,3.0,0.0,3.0,0.0,1.0,0.0,1.0,0.0,1.0,3.371,2.312,3.102,2.37,3.573,2.328,2.046,-0.476,1.67,-0.359,2.288,-0.444,4.696,5.1,4.534,5.1,4.858,5.1,0.05,0.536,0.05,0.568,0.05,0.54,3.938,1.531,3.701,1.366,3.756,1.419,2.222,1.056,2.056,1.079,2.291,1.062
20,19,2.143,0.11,0.015,-5.1,5.1,-5.1,5.1,-5.1,5.1,1.826,2.778,1.45,2.953,2.068,2.81,0.839,0.554,0.907,0.235,0.166,0.063,0.839,0.554,0.907,0.235,0.166,0.063,0.0,3.0,0.0,3.0,0.0,3.0,0.0,1.0,0.0,1.0,0.0,1.0,3.261,2.312,2.992,2.37,3.463,2.328,1.826,-0.476,1.45,-0.359,2.068,-0.444,4.696,5.1,4.534,5.1,4.858,5.1,0.05,0.621,0.05,0.652,0.05,0.625,4.269,2.613,4.268,0.924,2.715,-0.095,2.052,1.056,1.909,1.079,2.111,1.062
21,20,2.255,0.11,0.014,-5.1,5.1,-5.1,5.1,-5.1,5.1,1.606,3.108,1.23,3.283,1.848,3.14,0.72,0.532,0.519,0.449,0.29,0.414,0.72,0.532,0.519,0.449,0.29,0.414,0.0,3.0,0.0,3.0,0.0,3.0,0.0,1.0,0.0,1.0,0.0,1.0,3.151,2.312,2.882,2.37,3.353,2.328,1.606,-0.476,1.23,-0.359,1.848,-0.444,4.696,5.1,4.534,5.1,4.858,5.1,0.05,0.699,0.05,0.728,0.05,0.703,3.892,2.49,3.051,2.092,2.877,1.851,1.906,1.056,1.782,1.079,1.956,1.062
22,21,2.367,0.11,0.01,-5.1,5.1,-5.1,5.1,-5.1,5.1,1.386,3.438,1.01,3.613,1.628,3.47,0.796,0.741,0.907,0.367,0.069,0.297,0.796,0.741,0.907,0.367,0.069,0.297,0.0,3.0,0.0,3.0,0.0,3.0,0.0,0.999,0.0,1.0,0.0,1.0,3.041,2.312,2.772,2.37,3.243,2.328,1.386,-0.476,1.01,-0.359,1.628,-0.444,4.696,5.1,4.534,5.1,4.858,5.1,0.05,0.767,0.05,0.793,0.05,0.771,4.066,3.656,4.227,1.644,2.056,1.203,1.779,1.056,1.671,1.079,1.823,1.062
23,22,2.479,0.11,0.012,-5.099,5.099,-5.099,5.099,-5.099,5.099,1.166,3.767,0.79,3.943,1.408,3.8,0.634,0.741,0.37,0.49,0.083,0.516,0.634,0.741,0.37,0.49,0.083,0.516,0.0,2.998,0.0,3.0,0.0,3.0,0.0,0.999,0.0,1.0,0.0,1.0,2.931,2.312,2.662,2.37,3.133,2.328,1.166,-0.476,0.79,-0.359,1.408,-0.444,4.696,5.1,4.534,5.1,4.858,5.1,0.05,0.823,0.05,0.845,0.05,0.827,3.485,3.656,2.314,2.316,1.896,2.417,1.668,1.056,1.573,1.079,1.707,1.062
24,23,2.593,0.111,0.011,-5.099,5.099,-5.099,5.099,-5.099,5.099,0.944,4.079,0.568,4.276,1.186,4.133,0.581,0.885,0.278,0.602,0.076,0.563,0.581,0.885,0.278,0.602,0.076,0.563,0.0,2.998,0.0,3.0,0.0,3.0,0.0,0.961,0.0,1.0,0.0,1.0,2.82,2.312,2.551,2.37,3.022,2.328,0.944,-0.476,0.568,-0.359,1.186,-0.444,4.696,5.1,4.534,5.1,4.858,5.1,0.05,0.866,0.05,0.887,0.05,0.872,3.217,4.459,1.831,2.927,1.67,2.677,1.57,1.056,1.485,1.079,1.604,1.062
25,24,2.708,0.111,0.013,-5.043,5.043,-5.043,5.043,-5.043,5.043,0.722,3.943,0.346,4.609,0.964,4.466,0.581,1.05,0.426,0.592,-0.159,0.563,0.581,1.0,0.426,0.592,0.0,0.563,0.0,2.883,0.0,3.0,0.0,3.0,0.0,0.429,0.0,1.0,0.0,1.0,2.709,1.801,2.44,2.37,2.911,2.328,0.722,-0.476,0.346,-0.359,0.964,-0.444,4.696,4.079,4.534,5.1,4.858,5.1,0.05,0.941,0.05,0.918,0.05,0.906,3.124,5.1,2.258,2.873,1.186,2.677,1.482,1.293,1.406,1.079,1.512,1.062
26,25,2.82,0.11,0.013,-3.877,3.877,-3.877,3.877,-3.877,3.877,0.502,3.853,0.126,4.774,0.744,4.673,0.333,1.007,0.241,0.745,-0.103,0.734,0.333,1.0,0.241,0.745,0.0,0.734,0.0,1.288,0.0,3.0,0.0,3.0,0.0,0.267,0.0,0.7,0.0,0.779,2.599,1.801,2.33,2.37,2.801,2.328,0.502,-0.476,0.126,-0.359,0.744,-0.444,4.696,4.079,4.534,5.1,4.858,5.1,0.05,0.934,0.05,0.93,0.05,0.923,2.045,4.079,1.355,3.708,0.964,3.625,1.404,1.293,1.336,1.079,1.431,1.062
27,26,2.933,0.11,0.011,-3.062,3.062,-3.062,3.062,-3.062,3.062,0.282,3.633,-0.094,4.98,0.524,4.934,0.624,1.252,0.648,0.582,-0.193,0.563,0.624,1.0,0.648,0.582,0.0,0.563,0.0,0.801,0.0,2.099,0.0,2.336,0.0,0.006,0.0,0.772,0.0,0.873,2.489,1.801,2.22,2.37,2.691,2.328,0.282,-0.476,-0.094,-0.359,0.524,-0.444,4.696,4.079,4.534,5.1,4.858,5.1,0.05,0.914,0.05,0.943,0.05,0.941,3.119,4.079,2.982,2.818,0.744,2.677,1.334,1.293,1.272,1.079,1.359,1.062
28,27,3.049,0.112,0.012,-2.837,2.837,-2.837,2.837,-2.837,2.837,0.058,3.409,-0.318,4.777,0.301,4.73,0.387,1.345,0.685,0.704,-0.262,0.711,0.387,1.0,0.685,0.704,0.0,0.711,0.0,0.018,0.0,2.316,0.0,2.618,0.0,0.002,0.0,0.038,0.0,0.035,2.377,1.801,2.108,2.31,2.58,2.245,0.058,-0.476,-0.318,-0.359,0.301,-0.444,4.696,4.079,4.534,4.98,4.858,4.934,0.05,0.889,0.05,0.938,0.05,0.938,1.99,4.079,3.076,3.484,0.524,3.498,1.27,1.293,1.214,1.103,1.292,1.095
29,28,3.161,0.11,0.013,-0.541,0.541,-0.541,0.541,-0.541,0.541,-0.161,3.189,-0.031,4.557,0.244,4.51,0.172,1.058,-0.148,0.816,-0.076,0.813,0.172,1.0,0.0,0.816,0.0,0.813,0.0,0.006,0.0,0.114,0.0,0.106,0.001,0.0,0.247,0.0,0.015,0.0,2.268,1.801,2.108,2.31,2.551,2.245,-0.161,-0.476,-0.318,-0.359,0.244,-0.444,4.696,4.079,4.534,4.98,4.858,4.934,0.05,0.857,0.069,0.923,0.05,0.923,0.856,4.079,-0.318,3.998,0.301,3.928,1.212,1.293,1.214,1.103,1.276,1.095
30,29,3.273,0.11,0.005,1.673,-1.673,1.673,-1.673,1.673,-1.673,-0.032,2.969,0.034,4.337,0.574,4.29,0.355,1.216,0.407,0.694,-0.228,0.641,0.355,1.0,0.407,0.694,0.0,0.641,0.003,0.0,0.741,0.0,0.044,0.0,0.634,0.0,0.52,0.0,0.999,0.0,2.268,1.801,2.108,2.31,2.551,2.245,-0.161,-0.476,-0.318,-0.359,0.244,-0.444,4.696,4.079,4.534,4.98,4.858,4.934,0.058,0.819,0.075,0.903,0.074,0.904,1.563,4.079,1.657,3.346,0.244,3.003,1.212,1.293,1.214,1.103,1.276,1.095
31,30,3.387,0.11,0.012,3.353,-3.353,3.353,-3.353,3.353,-3.353,0.298,2.749,0.364,4.117,0.904,4.07,0.323,1.223,0.463,0.663,-0.103,0.594,0.323,1.0,0.463,0.663,0.0,0.594,1.902,0.0,1.561,0.0,2.998,0.0,1.0,0.0,0.999,0.0,1.0,0.0,2.268,1.801,2.108,2.31,2.551,2.245,-0.161,-0.476,-0.318,-0.359,0.244,-0.444,4.696,4.079,4.534,4.98,4.858,4.934,0.084,0.773,0.107,0.88,0.109,0.881,1.408,4.079,1.928,3.181,0.244,2.751,1.212,1.293,1.214,1.103,1.276,1.095
32,31,3.499,0.11,0.012,4.83,-4.83,4.83,-4.83,4.83,-4.83,0.628,2.529,0.694,3.897,1.234,3.85,0.14,1.137,0.278,0.847,-0.159,0.758,0.14,1.0,0.278,0.847,0.0,0.758,3.0,0.0,2.998,0.0,3.0,0.0,1.0,0.0,1.0,0.0,1.0,0.0,2.268,1.801,2.108,2.31,2.551,2.245,-0.161,-0.476,-0.318,-0.359,0.244,-0.444,4.696,4.079,4.534,4.98,4.858,4.934,0.12,0.719,0.152,0.852,0.157,0.853,0.519,4.079,1.031,4.163,0.244,3.633,1.212,1.293,1.214,1.103,1.276,1.095
33,32,3.613,0.111,0.012,5.061,-5.061,5.061,-5.061,5.061,-5.061,0.961,2.307,1.027,3.675,1.567,3.628,0.097,0.964,0.074,0.867,-0.117,0.781,0.097,0.964,0.074,0.867,0.0,0.781,3.0,0.0,3.0,0.0,3.0,0.0,1.0,0.0,1.0,0.0,1.0,0.0,2.268,1.801,2.108,2.31,2.551,2.245,-0.161,-0.476,-0.318,-0.359,0.244,-0.444,4.696,4.079,4.534,4.98,4.858,4.934,0.17,0.658,0.212,0.818,0.222,0.82,0.31,3.915,0.041,4.27,0.244,3.756,1.212,1.293,1.214,1.103,1.276,1.095
34,33,3.726,0.11,0.017,5.094,-5.094,5.094,-5.094,5.094,-5.094,1.291,2.087,1.357,3.455,1.897,3.408,0.022,0.871,0.019,0.837,-0.014,0.781,0.022,0.871,0.019,0.837,0.0,0.781,3.0,0.0,3.0,0.0,3.0,0.0,1.0,0.0,1.0,0.0,1.0,0.0,2.268,1.801,2.108,2.31,2.551,2.245,-0.161,-0.476,-0.318,-0.359,0.244,-0.444,4.696,4.079,4.534,4.98,4.858,4.934,0.234,0.591,0.287,0.779,0.303,0.781,-0.054,3.491,-0.226,4.11,0.244,3.756,1.212,1.293,1.214,1.103,1.276,1.095
35,34,3.837,0.11,0.01,5.099,-5.099,5.099,-5.099,5.099,-5.099,1.621,1.867,1.687,3.235,2.227,3.188,0.14,0.935,0.074,0.816,0.014,0.781,0.14,0.935,0.074,0.816,0.014,0.781,3.0,0.0,3.0,0.0,3.0,0.0,1.0,0.0,1.0,0.0,1.0,0.0,2.268,1.801,2.108,2.31,2.551,2.245,-0.161,-0.476,-0.318,-0.359,0.244,-0.444,4.696,4.079,4.534,4.98,4.858,4.934,0.313,0.521,0.375,0.735,0.398,0.737,0.519,3.783,0.041,3.998,0.309,3.756,1.212,1.293,1.214,1.103,1.276,1.095
36,35,3.952,0.112,0.012,5.1,-5.1,5.1,-5.1,5.1,-5.1,1.957,1.643,2.023,3.011,2.563,2.964,0.226,0.827,0.389,0.745,0.076,0.828,0.226,0.827,0.389,0.745,0.076,0.828,3.0,0.0,3.0,0.0,3.0,0.0,1.0,0.0,1.0,0.0,1.0,0.0,2.268,1.801,2.108,2.31,2.551,2.245,-0.161,-0.476,-0.318,-0.359,0.244,-0.444,4.696,4.079,4.534,4.98,4.858,4.934,0.407,0.449,0.474,0.684,0.504,0.687,0.937,3.291,1.569,3.619,0.595,4.009,1.212,1.293,1.214,1.103,1.276,1.095
37,36,4.066,0.11,0.017,5.1,-5.1,5.1,-5.1,5.1,-5.1,2.287,1.423,2.353,2.791,2.893,2.744,0.237,0.755,0.537,0.724,0.117,0.648,0.237,0.755,0.537,0.724,0.117,0.648,3.0,0.0,3.0,0.0,3.0,0.0,1.0,0.0,1.0,0.0,1.0,0.0,2.268,1.801,2.108,2.31,2.551,2.245,-0.161,-0.476,-0.318,-0.359,0.244,-0.444,4.696,4.079,4.534,4.98,4.858,4.934,0.506,0.38,0.574,0.629,0.607,0.633,0.99,2.963,2.288,3.506,0.784,3.041,1.212,1.293,1.214,1.103,1.276,1.095
38,37,4.178,0.11,0.011,5.1,-5.1,5.1,-5.1,5.1,-5.1,2.617,1.203,2.683,2.571,3.223,2.524,0.441,0.741,0.611,0.653,0.345,0.727,0.441,0.741,0.611,0.653,0.345,0.727,3.0,0.0,3.0,0.0,3.0,0.0,1.0,0.0,1.0,0.0,1.0,0.0,2.268,1.801,2.108,2.31,2.551,2.245,-0.161,-0.476,-0.318,-0.359,0.244,-0.444,4.696,4.079,4.534,4.98,4.858,4.934,0.604,0.316,0.668,0.571,0.702,0.576,1.981,2.899,2.647,3.127,1.836,3.466,1.212,1.293,1.214,1.103,1.276,1.095
39,38,4.29,0.11,0.011,5.1,-5.1,5.1,-5.1,5.1,-5.1,2.947,0.983,2.943,2.351,3.553,2.304,0.656,0.806,1.037,0.49,0.276,0.5,0.656,0.806,1.0,0.49,0.276,0.5,3.0,0.0,3.0,0.0,3.0,0.0,1.0,0.0,0.944,0.0,1.0,0.0,2.268,1.801,2.108,2.31,2.551,2.245,-0.161,-0.476,-0.318,-0.359,0.244,-0.444,4.696,4.079,4.534,4.98,4.858,4.934,0.695,0.258,0.734,0.511,0.782,0.516,3.025,3.195,4.534,2.257,1.517,2.245,1.212,1.293,1.214,1.103,1.276,1.095
40,39,4.402,0.11,0.015,4.918,-4.918,4.918,-4.918,4.918,-4.918,3.277,0.763,3.128,2.131,3.883,2.084,0.656,0.655,1.037,0.571,0.524,0.563,0.656,0.655,1.0,0.571,0.524,0.563,3.0,0.0,2.833,0.0,3.0,0.0,1.0,0.0,0.872,0.0,1.0,0.0,2.268,1.801,2.108,2.31,2.551,2.245,-0.161,-0.476,-0.318,-0.359,0.244,-0.444,4.696,4.079,4.534,4.98,4.858,4.934,0.773,0.207,0.775,0.451,0.846,0.456,3.025,2.508,4.534,2.69,2.662,2.584,1.212,1.293,1.214,1.103,1.276,1.095
41,40,4.514,0.11,0.012,4.691,-4.691,4.691,-4.691,4.691,-4.691,3.529,0.543,2.908,1.911,4.213,1.864,0.925,0.626,1.407,0.449,0.524,0.414,0.925,0.626,1.0,0.449,0.524,0.414,3.0,0.0,2.616,0.0,3.0,0.0,0.858,0.0,0.687,0.0,1.0,0.0,2.268,1.801,1.405,2.31,2.551,2.245,-0.161,-0.476,-0.318,-0.359,0.244,-0.444,4.696,4.079,3.128,4.98,4.858,4.934,0.822,0.164,0.929,0.392,0.893,0.397,4.332,2.375,4.534,2.038,2.662,1.782,1.212,1.293,1.709,1.103,1.276,1.095
42,41,4.628,0.11,0.014,3.395,-3.395,3.395,-3.395,3.395,-3.395,3.314,0.323,2.688,1.691,4.54,1.644,0.925,0.511,1.519,0.367,0.448,0.266,0.925,0.511,1.0,0.367,0.448,0.266,2.573,0.0,2.06,0.0,3.0,0.0,0.009,0.0,0.792,0.0,0.996,0.0,1.684,1.801,1.405,2.31,2.551,2.245,-0.161,-0.476,-0.318,-0.359,0.244,-0.444,3.529,4.079,3.128,4.98,4.858,4.934,0.931,0.129,0.9,0.336,0.927,0.341,4.332,1.852,3.128,1.6,2.311,0.987,1.596,1.293,1.709,1.103,1.276,1.095
43,42,4.739,0.11,0.012,1.968,-1.968,1.968,-1.968,1.968,-1.968,3.094,0.103,2.468,1.471,4.328,1.424,1.14,0.791,1.944,0.255,0.559,0.25,1.0,0.791,1.0,0.255,0.559,0.25,0.027,0.0,2.375,0.0,2.987,0.0,0.0,0.0,0.003,0.0,0.014,0.0,1.684,1.801,1.405,2.31,2.392,2.245,-0.161,-0.476,-0.318,-0.359,0.244,-0.444,3.529,4.079,3.128,4.98,4.54,4.934,0.905,0.1,0.86,0.284,0.934,0.289,3.529,3.127,3.128,1.002,2.823,0.901,1.596,1.293,1.709,1.103,1.371,1.095
44,43,4.853,0.11,0.011,0.323,-0.323,0.323,-0.323,0.323,-0.323,2.874,-0.117,2.248,1.265,4.108,1.344,1.441,0.748,2.185,0.143,0.607,0.063,1.0,0.748,1.0,0.143,0.607,0.063,0.001,0.0,0.009,0.0,0.041,0.0,0.0,0.0,0.0,0.026,0.0,0.252,1.684,1.801,1.405,2.31,2.392,2.245,-0.161,-0.476,-0.318,-0.359,0.244,-0.444,3.529,4.079,3.128,4.98,4.54,4.934,0.87,0.077,0.809,0.24,0.913,0.272,3.529,2.931,3.128,0.404,2.852,-0.105,1.596,1.293,1.709,1.103,1.371,1.095
45,44,4.967,0.111,0.009,-0.36,0.36,-0.36,0.36,-0.36,0.36,2.652,-0.339,2.026,1.544,3.886,1.673,1.333,0.626,2.056,0.051,0.559,-0.031,1.0,0.626,1.0,0.051,0.559,0.0,0.0,0.0,0.0,0.077,0.0,0.755,0.0,0.0,0.0,0.903,0.0,0.982,1.684,1.801,1.405,3.123,2.392,3.139,-0.161,-0.476,-0.318,1.265,0.244,1.344,3.529,4.079,3.128,4.98,4.54,4.934,0.824,0.059,0.743,0.076,0.886,0.083,3.529,2.375,3.128,-0.087,2.645,-0.444,1.596,1.293,1.709,1.585,1.371,1.64
46,45,5.079,0.11,0.012,-2.782,2.782,-2.782,2.782,-2.782,2.782,2.432,-0.534,1.806,1.874,3.666,2.003,1.452,0.849,2.204,0.0,0.579,-0.07,1.0,0.849,1.0,0.0,0.579,0.0,0.0,0.0,0.0,2.71,0.0,2.947,0.0,0.045,0.0,0.999,0.0,0.999,1.684,1.772,1.405,3.123,2.392,3.139,-0.161,-0.534,-0.318,1.265,0.244,1.344,3.529,4.079,3.128,4.98,4.54,4.934,0.767,0.05,0.665,0.121,0.851,0.134,3.529,3.391,3.128,1.265,2.731,1.344,1.596,1.277,1.709,1.585,1.371,1.64
47,46,5.193,0.111,0.011,-3.375,3.375,-3.375,3.375,-3.375,3.375,2.21,-0.221,1.584,2.207,3.444,2.336,1.441,0.705,2.111,-0.041,0.559,-0.18,1.0,0.705,1.0,0.0,0.559,0.0,0.0,0.136,0.0,2.998,0.0,2.998,0.0,0.964,0.0,1.0,0.0,1.0,1.684,1.772,1.405,3.123,2.392,3.139,-0.161,-0.534,-0.318,1.265,0.244,1.344,3.529,4.079,3.128,4.98,4.54,4.934,0.698,0.073,0.576,0.19,0.809,0.211,3.529,2.718,3.128,1.265,2.645,1.344,1.596,1.277,1.709,1.585,1.371,1.64
48,47,5.307,0.11,0.015,-4.782,4.782,-4.782,4.782,-4.782,4.782,1.99,0.109,1.364,2.537,3.224,2.666,0.989,0.345,0.963,0.051,0.724,0.016,0.989,0.345,0.963,0.051,0.724,0.016,0.0,2.892,0.0,3.0,0.0,3.0,0.0,1.0,0.0,1.0,0.0,1.0,1.684,1.772,1.405,3.123,2.392,3.139,-0.161,-0.534,-0.318,1.265,0.244,1.344,3.529,4.079,3.128,4.98,4.54,4.934,0.62,0.107,0.482,0.283,0.758,0.315,3.488,1.057,3.0,1.454,3.354,1.401,1.596,1.277,1.709,1.585,1.371,1.64
49,48,5.419,0.11,0.011,-5.051,5.051,-5.051,5.051,-5.051,5.051,1.77,0.439,1.144,2.867,3.004,2.996,0.957,0.266,1.019,0.153,0.71,0.133,0.957,0.266,1.0,0.153,0.71,0.133,0.0,3.0,0.0,3.0,0.0,3.0,0.0,1.0,0.0,1.0,0.0,1.0,1.684,1.772,1.405,3.123,2.392,3.139,-0.161,-0.534,-0.318,1.265,0.244,1.344,3.529,4.079,3.128,4.98,4.54,4.934,0.534,0.154,0.39,0.4,0.698,0.442,3.37,0.693,3.128,1.833,3.294,1.821,1.596,1.277,1.709,1.585,1.371,1.64
50,49,5.532,0.11,0.012,-5.092,5.092,-5.092,5.092,-5.092,5.092,1.55,0.769,0.924,3.197,2.784,3.326,0.882,0.173,0.852,0.173,0.772,0.18,0.882,0.173,0.852,0.173,0.772,0.18,0.0,3.0,0.0,3.0,0.0,3.0,0.0,1.0,0.0,1.0,0.0,1.0,1.684,1.772,1.405,3.123,2.392,3.139,-0.161,-0.534,-0.318,1.265,0.244,1.344,3.529,4.079,3.128,4.98,4.54,4.934,0.447,0.217,0.305,0.529,0.631,0.576,3.094,0.264,2.618,1.908,3.561,1.99,1.596,1.277,1.709,1.585,1.371,1.64
51,50,5.647,0.111,0.017,-5.099,5.099,-5.099,5.099,-5.099,5.099,1.328,1.102,0.702,3.53,2.562,3.659,0.817,0.158,0.741,0.286,0.766,0.336,0.817,0.158,0.741,0.286,0.766,0.336,0.0,3.0,0.0,3.0,0.0,3.0,0.0,1.0,0.0,1.0,0.0,1.0,1.684,1.772,1.405,3.123,2.392,3.139,-0.161,-0.534,-0.318,1.265,0.244,1.344,3.529,4.079,3.128,4.98,4.54,4.934,0.362,0.298,0.231,0.656,0.558,0.701,2.854,0.195,2.235,2.327,3.535,2.55,1.596,1.277,1.709,1.585,1.371,1.64
52,51,5.759,0.11,0.012,-5.1,5.1,-5.1,5.1,-5.1,5.1,1.108,1.432,0.482,3.86,2.342,3.989,0.688,0.194,0.63,0.398,0.621,0.445,0.688,0.194,0.63,0.398,0.621,0.445,0.0,3.0,0.0,3.0,0.0,3.0,0.0,1.0,0.0,1.0,0.0,1.0,1.684,1.772,1.405,3.123,2.392,3.139,-0.161,-0.534,-0.318,1.265,0.244,1.344,3.529,4.079,3.128,4.98,4.54,4.934,0.285,0.393,0.171,0.763,0.483,0.801,2.378,0.361,1.853,2.744,2.912,2.942,1.596,1.277,1.709,1.585,1.371,1.64
53,52,5.871,0.11,0.011,-5.1,5.1,-5.1,5.1,-5.1,5.1,0.888,1.762,0.262,4.19,2.122,4.319,0.667,0.338,0.704,0.378,0.297,0.531,0.667,0.338,0.704,0.378,0.297,0.531,0.0,3.0,0.0,3.0,0.0,3.0,0.0,1.0,0.0,1.0,0.0,1.0,1.684,1.772,1.405,3.123,2.392,3.139,-0.161,-0.534,-0.318,1.265,0.244,1.344,3.529,4.079,3.128,4.98,4.54,4.934,0.219,0.497,0.124,0.845,0.409,0.874,2.3,1.025,2.108,2.669,1.52,3.25,1.596,1.277,1.709,1.585,1.371,1.64
54,53,5.983,0.11,0.016,-5.1,5.1,-5.1,5.1,-5.1,5.1,0.668,2.092,0.042,4.52,1.902,4.649,0.581,0.54,0.796,0.388,0.303,0.461,0.581,0.54,0.796,0.388,0.303,0.461,0.0,3.0,0.0,3.0,0.0,3.0,0.0,1.0,0.0,1.0,0.0,1.0,1.684,1.772,1.405,3.123,2.392,3.139,-0.161,-0.534,-0.318,1.265,0.244,1.344,3.529,4.079,3.128,4.98,4.54,4.934,0.165,0.601,0.089,0.902,0.338,0.923,1.983,1.957,2.425,2.706,1.546,2.999,1.596,1.277,1.709,1.585,1.371,1.64
55,54,6.095,0.111,0.006,-5.1,5.1,-5.1,5.1,-5.1,5.1,0.446,2.425,-0.18,4.853,1.68,4.981,0.538,0.576,0.333,0.571,0.207,0.656,0.538,0.576,0.333,0.571,0.207,0.656,0.0,3.0,0.0,3.0,0.0,3.0,0.0,1.0,0.0,1.0,0.0,0.999,1.684,1.772,1.405,3.123,2.392,3.162,-0.161,-0.534,-0.318,1.265,0.244,1.344,3.529,4.079,3.128,4.98,4.54,4.981,0.122,0.697,0.062,0.94,0.274,0.95,1.824,2.123,0.83,3.386,1.133,3.699,1.596,1.277,1.709,1.585,1.371,1.619
56,55,6.207,0.11,0.01,-5.098,5.098,-5.098,5.098,-5.098,5.098,0.226,2.754,-0.4,5.183,1.46,5.311,0.849,0.964,1.148,0.367,0.172,0.531,0.849,0.964,1.0,0.367,0.172,0.531,0.0,3.0,0.0,2.999,0.0,2.997,0.0,0.997,0.0,1.0,0.0,1.0,1.684,1.772,1.364,3.224,2.392,3.328,-0.161,-0.534,-0.4,1.265,0.244,1.344,3.529,4.079,3.128,5.183,4.54,5.311,0.089,0.778,0.05,0.95,0.218,0.95,2.972,3.913,3.128,2.628,0.983,3.275,1.596,1.277,1.669,1.503,1.371,1.484
57,56,6.319,0.11,0.012,-5.096,5.096,-5.096,5.096,-5.096,5.096,0.006,3.084,-0.62,5.51,1.24,5.634,0.516,0.892,0.389,0.704,0.048,0.727,0.516,0.892,0.389,0.704,0.048,0.727,0.0,2.992,0.0,3.0,0.0,3.0,0.0,0.999,0.0,0.995,0.0,0.987,1.684,1.772,1.254,3.388,2.392,3.489,-0.161,-0.534,-0.62,1.265,0.244,1.344,3.529,4.079,3.128,5.51,4.54,5.634,0.064,0.842,0.05,0.95,0.171,0.95,1.743,3.581,0.972,4.023,0.45,4.228,1.596,1.277,1.571,1.387,1.371,1.373
58,57,6.432,0.111,0.011,-5.073,5.073,-5.073,5.073,-5.073,5.073,-0.216,3.328,-0.842,5.843,1.018,5.967,0.667,1.144,0.963,0.48,-0.345,0.469,0.667,1.0,0.963,0.48,0.0,0.469,0.0,2.998,0.0,2.986,0.0,2.961,0.0,0.993,0.0,1.0,0.0,1.0,1.656,1.772,1.143,3.554,2.392,3.656,-0.216,-0.534,-0.842,1.265,0.244,1.344,3.529,4.079,3.128,5.843,4.54,5.967,0.05,0.879,0.05,0.95,0.132,0.95,2.3,4.079,2.989,3.303,0.244,3.356,1.572,1.277,1.483,1.286,1.371,1.274
59,58,6.546,0.11,0.013,-4.865,4.865,-4.865,4.865,-4.865,4.865,-0.436,3.116,-1.062,6.173,0.798,6.296,0.473,1.353,0.852,0.469,-0.29,0.469,0.473,1.0,0.852,0.469,0.0,0.469,0.0,2.979,0.0,3.0,0.0,2.999,0.0,0.981,0.0,0.999,0.0,0.999,1.546,1.397,1.033,3.719,2.392,3.82,-0.436,-0.534,-1.062,1.265,0.244,1.344,3.529,3.328,3.128,6.173,4.54,6.296,0.05,0.932,0.05,0.95,0.101,0.95,1.555,4.079,2.54,3.412,0.244,3.512,1.485,1.525,1.405,1.2,1.371,1.189
60,59,6.658,0.11,0.011,-3.644,3.644,-3.644,3.644,-3.644,3.644,-0.656,2.945,-1.282,5.954,0.578,6.077,0.484,1.201,0.574,0.745,-0.29,0.742,0.484,1.0,0.574,0.745,0.0,0.742,0.0,2.942,0.0,2.998,0.0,2.997,0.0,0.829,0.0,0.002,0.0,0.001,1.436,1.397,0.923,3.719,2.392,3.82,-0.656,-0.534,-1.282,1.265,0.244,1.344,3.529,3.328,3.128,6.173,4.54,6.296,0.05,0.914,0.05,0.936,0.077,0.936,1.483,3.328,1.343,4.921,0.244,5.018,1.407,1.525,1.335,1.2,1.371,1.189
61,60,6.771,0.111,0.01,-0.668,0.668,-0.668,0.668,-0.668,0.668,-0.878,2.723,-1.504,5.732,0.911,5.855,0.581,1.453,1.148,0.449,-0.572,0.344,0.581,1.0,1.0,0.449,0.0,0.344,0.0,2.488,0.0,0.005,0.0,0.003,0.0,0.0,0.0,0.0,0.01,0.0,1.326,1.397,0.812,3.719,2.559,3.82,-0.878,-0.534,-1.504,1.265,0.578,1.344,3.529,3.328,3.128,6.173,4.54,6.296,0.05,0.883,0.05,0.918,0.079,0.918,1.775,3.328,3.128,3.469,0.244,3.047,1.336,1.525,1.271,1.2,1.486,1.189
62,61,6.883,0.11,0.008,1.335,-1.335,1.335,-1.335,1.335,-1.335,-0.58,2.503,-1.719,5.512,1.241,5.635,0.376,1.41,0.815,0.49,-0.462,0.484,0.376,1.0,0.815,0.49,0.0,0.484,0.0,0.0,0.0,0.0,0.031,0.0,0.942,0.0,0.009,0.0,0.978,0.0,1.326,1.397,0.704,3.719,2.559,3.82,-0.878,-0.534,-1.719,1.265,0.578,1.344,3.529,3.328,3.128,6.173,4.54,6.296,0.073,0.844,0.05,0.896,0.124,0.896,0.779,3.328,2.271,3.67,0.578,3.741,1.336,1.525,1.215,1.2,1.486,1.189
63,62,6.995,0.111,0.006,3.026,-3.026,3.026,-3.026,3.026,-3.026,-0.248,2.281,-1.39,5.29,1.574,5.413,0.559,1.468,0.778,0.51,-0.462,0.523,0.559,1.0,0.778,0.51,0.0,0.523,2.825,0.0,0.028,0.0,2.933,0.0,0.999,0.0,0.992,0.0,1.0,0.0,1.326,1.397,0.704,3.719,2.559,3.82,-0.878,-0.534,-1.719,1.265,0.578,1.344,3.529,3.328,3.128,6.173,4.54,6.296,0.109,0.794,0.073,0.868,0.188,0.869,1.586,3.328,2.052,3.768,0.578,3.934,1.336,1.525,1.215,1.2,1.486,1.189
64,63,7.109,0.111,0.012,4.785,-4.785,4.785,-4.785,4.785,-4.785,0.085,2.059,-1.065,5.068,1.907,5.191,0.667,1.482,1.167,0.398,-0.386,0.367,0.667,1.0,1.0,0.398,0.0,0.367,2.998,0.0,2.977,0.0,3.0,0.0,1.0,0.0,1.0,0.0,1.0,0.0,1.326,1.397,0.704,3.719,2.559,3.82,-0.878,-0.534,-1.719,1.265,0.578,1.344,3.529,3.328,3.128,6.173,4.54,6.296,0.16,0.733,0.104,0.835,0.275,0.836,2.061,3.328,3.128,3.218,0.578,3.161,1.336,1.525,1.215,1.2,1.486,1.189
65,64,7.221,0.11,0.014,5.031,-5.031,5.031,-5.031,5.031,-5.031,0.415,1.839,-0.735,4.848,2.237,4.971,0.204,1.058,0.241,0.806,-0.062,0.773,0.204,1.0,0.241,0.806,0.0,0.773,3.0,0.0,2.999,0.0,3.0,0.0,1.0,0.0,1.0,0.0,1.0,0.0,1.326,1.397,0.704,3.719,2.559,3.82,-0.878,-0.534,-1.719,1.265,0.578,1.344,3.529,3.328,3.128,6.173,4.54,6.296,0.229,0.662,0.148,0.795,0.383,0.797,0.021,3.328,-0.551,5.221,0.578,5.172,1.336,1.525,1.215,1.2,1.486,1.189
66,65,7.334,0.11,0.013,5.089,-5.089,5.089,-5.089,5.089,-5.089,0.745,1.619,-0.405,4.628,2.567,4.751,0.161,1.0,0.148,0.796,0.041,0.773,0.161,1.0,0.148,0.796,0.041,0.773,3.0,0.0,3.0,0.0,3.0,0.0,1.0,0.0,1.0,0.0,1.0,0.0,1.326,1.397,0.704,3.719,2.559,3.82,-0.878,-0.534,-1.719,1.265,0.578,1.344,3.529,3.328,3.128,6.173,4.54,6.296,0.315,0.584,0.206,0.749,0.503,0.752,-0.168,3.328,-1.002,5.172,0.74,5.172,1.336,1.525,1.215,1.2,1.486,1.189
67,66,7.448,0.111,0.018,5.098,-5.098,5.098,-5.098,5.098,-5.098,1.078,1.397,-0.072,4.406,2.9,4.529,0.247,0.986,0.5,0.673,-0.021,0.703,0.247,0.986,0.5,0.673,0.0,0.703,3.0,0.0,3.0,0.0,3.0,0.0,1.0,0.0,1.0,0.0,1.0,0.0,1.326,1.397,0.704,3.719,2.559,3.82,-0.878,-0.534,-1.719,1.265,0.578,1.344,3.529,3.328,3.128,6.173,4.54,6.296,0.418,0.5,0.28,0.695,0.624,0.699,0.211,3.274,0.704,4.568,0.578,4.825,1.336,1.525,1.215,1.2,1.486,1.189
68,67,7.559,0.11,0.012,5.1,-5.1,5.1,-5.1,5.1,-5.1,1.408,1.177,0.258,4.186,3.23,4.309,0.366,0.892,0.222,0.714,0.29,0.789,0.366,0.892,0.222,0.714,0.29,0.789,3.0,0.0,3.0,0.0,3.0,0.0,1.0,0.0,1.0,0.0,1.0,0.0,1.326,1.397,0.704,3.719,2.559,3.82,-0.878,-0.534,-1.719,1.265,0.578,1.344,3.529,3.328,3.128,6.173,4.54,6.296,0.528,0.417,0.368,0.637,0.731,0.641,0.735,2.911,-0.643,4.769,1.727,5.251,1.336,1.525,1.215,1.2,1.486,1.189
69,68,7.672,0.111,0.012,5.1,-5.1,5.1,-5.1,5.1,-5.1,1.741,0.955,0.591,3.964,3.563,4.087,0.452,0.892,0.389,0.684,0.386,0.695,0.452,0.892,0.389,0.684,0.386,0.695,3.0,0.0,3.0,0.0,3.0,0.0,1.0,0.0,1.0,0.0,1.0,0.0,1.326,1.397,0.704,3.719,2.559,3.82,-0.878,-0.534,-1.719,1.265,0.578,1.344,3.529,3.328,3.128,6.173,4.54,6.296,0.635,0.338,0.466,0.573,0.816,0.579,1.114,2.911,0.166,4.622,2.107,4.786,1.336,1.525,1.215,1.2,1.486,1.189
70,69,7.786,0.11,0.016,5.1,-5.1,5.1,-5.1,5.1,-5.1,2.071,0.735,0.921,3.744,3.893,3.867,0.602,0.813,0.537,0.551,0.538,0.43,0.602,0.813,0.537,0.551,0.538,0.43,3.0,0.0,3.0,0.0,3.0,0.0,1.0,0.0,1.0,0.0,1.0,0.0,1.326,1.397,0.704,3.719,2.559,3.82,-0.878,-0.534,-1.719,1.265,0.578,1.344,3.529,3.328,3.128,6.173,4.54,6.296,0.73,0.267,0.565,0.507,0.879,0.514,1.775,2.606,0.884,3.969,2.71,3.473,1.336,1.525,1.215,1.2,1.486,1.189
71,70,7.898,0.11,0.011,5.1,-5.1,5.1,-5.1,5.1,-5.1,2.401,0.515,1.251,3.524,4.223,3.647,0.731,0.712,0.778,0.531,0.586,0.578,0.731,0.712,0.778,0.531,0.586,0.578,3.0,0.0,3.0,0.0,3.0,0.0,1.0,0.0,1.0,0.0,1.0,0.0,1.326,1.397,0.704,3.719,2.559,3.82,-0.878,-0.534,-1.719,1.265,0.578,1.344,3.529,3.328,3.128,6.173,4.54,6.296,0.808,0.207,0.66,0.442,0.922,0.449,2.344,2.216,2.052,3.871,2.9,4.206,1.336,1.525,1.215,1.2,1.486,1.189
72,71,8.012,0.111,0.011,5.1,-5.1,5.1,-5.1,5.1,-5.1,2.734,0.293,1.504,3.302,4.556,3.425,1.032,0.871,1.333,0.347,0.572,0.336,1.0,0.871,1.0,0.347,0.572,0.336,3.0,0.0,3.0,0.0,3.0,0.0,1.0,0.0,1.0,0.0,1.0,0.0,1.326,1.397,0.704,3.719,2.567,3.82,-0.878,-0.534,-1.719,1.265,0.578,1.344,3.529,3.328,3.128,6.173,4.556,6.296,0.868,0.157,0.725,0.377,0.95,0.385,3.529,2.83,3.128,2.968,2.844,3.008,1.336,1.525,1.215,1.2,1.48,1.189
73,72,8.123,0.11,0.016,4.892,-4.892,4.892,-4.892,4.892,-4.892,3.064,0.073,1.827,3.082,4.885,3.205,0.946,0.748,1.185,0.449,0.759,0.375,0.946,0.748,1.0,0.449,0.759,0.375,2.999,0.0,3.0,0.0,3.0,0.0,1.0,0.0,1.0,0.0,0.998,0.0,1.326,1.397,0.704,3.719,2.732,3.82,-0.878,-0.534,-1.719,1.265,0.578,1.344,3.529,3.328,3.128,6.173,4.885,6.296,0.911,0.117,0.796,0.318,0.95,0.325,3.291,2.355,3.128,3.469,3.597,3.201,1.336,1.525,1.215,1.2,1.367,1.189
74,73,8.235,0.11,0.007,5.047,-5.047,5.047,-5.047,5.047,-5.047,3.347,-0.147,1.609,2.862,5.215,2.985,1.237,0.626,1.63,0.286,0.634,0.281,1.0,0.626,1.0,0.286,0.634,0.281,2.999,0.0,3.0,0.0,2.995,0.0,0.999,0.0,1.0,0.0,1.0,0.0,1.326,1.397,0.054,3.719,2.896,3.82,-0.878,-0.534,-1.719,1.265,0.578,1.344,3.529,3.328,1.827,6.173,5.215,6.296,0.937,0.087,0.93,0.263,0.95,0.27,3.529,1.884,3.128,2.669,3.309,2.736,1.336,1.525,1.661,1.2,1.27,1.189
75,74,8.348,0.111,0.011,3.522,-3.522,3.522,-3.522,3.522,-3.522,3.125,-0.369,1.387,2.64,5.395,2.763,1.387,0.719,1.907,0.173,0.593,0.023,1.0,0.719,1.0,0.173,0.593,0.023,2.998,0.0,3.0,0.0,2.999,0.0,0.491,0.0,1.0,0.0,0.725,0.0,1.234,1.397,0.054,3.719,2.987,3.82,-0.878,-0.534,-1.719,1.265,0.578,1.344,3.347,3.328,1.827,6.173,5.395,6.296,0.933,0.063,0.901,0.215,0.95,0.221,3.529,2.243,1.827,2.114,3.328,1.458,1.394,1.525,1.661,1.2,1.223,1.189
76,75,8.461,0.11,0.014,1.586,-1.586,1.586,-1.586,1.586,-1.586,2.905,-0.589,1.167,2.42,5.175,2.543,1.204,0.583,1.796,0.214,0.724,0.203,1.0,0.583,1.0,0.214,0.724,0.203,1.474,0.0,2.999,0.0,2.176,0.0,0.0,0.0,0.231,0.0,0.0,0.0,1.234,1.37,0.054,3.719,2.987,3.82,-0.878,-0.589,-1.719,1.265,0.578,1.344,3.347,3.328,1.827,6.173,5.395,6.296,0.911,0.05,0.864,0.174,0.936,0.18,3.347,1.718,1.827,2.315,4.066,2.349,1.394,1.503,1.661,1.2,1.223,1.189
77,76,8.574,0.111,0.004,0.232,-0.232,0.232,-0.232,0.232,-0.232,2.683,-0.811,0.945,2.2,4.953,2.325,1.559,0.914,2.315,-0.082,0.607,-0.117,1.0,0.914,1.0,0.0,0.607,0.0,0.0,0.0,0.692,0.0,0.0,0.0,0.0,0.0,0.0,0.001,0.0,0.0,1.234,1.259,0.054,3.719,2.987,3.82,-0.878,-0.811,-1.719,1.265,0.578,1.344,3.347,3.328,1.827,6.173,5.395,6.296,0.883,0.05,0.815,0.139,0.917,0.145,3.347,2.991,1.827,1.265,3.502,1.344,1.394,1.423,1.661,1.2,1.223,1.189
78,77,8.689,0.112,0.01,0.016,-0.016,0.016,-0.016,0.016,-0.016,2.459,-1.035,0.721,1.987,4.729,2.43,1.688,0.942,2.37,-0.102,0.545,-0.289,1.0,0.942,1.0,0.0,0.545,0.0,0.0,0.0,0.001,0.002,0.0,0.001,0.0,0.0,0.0,0.002,0.0,0.001,1.234,1.146,0.054,3.719,2.987,4.31,-0.878,-1.035,-1.719,1.265,0.578,2.325,3.347,3.328,1.827,6.173,5.395,6.296,0.846,0.05,0.752,0.111,0.894,0.058,3.347,3.088,1.827,1.265,3.203,1.344,1.394,1.35,1.661,1.2,1.223,1.483
79,78,8.801,0.11,0.013,-0.872,0.872,-0.872,0.872,-0.872,0.872,2.239,-1.25,0.501,1.769,4.509,2.21,1.323,0.662,1.889,0.153,0.628,0.102,1.0,0.662,1.0,0.153,0.628,0.102,0.0,0.0,0.0,0.005,0.0,0.003,0.0,0.007,0.0,0.003,0.0,0.0,1.234,1.039,0.054,3.719,2.987,2.32,-0.878,-1.25,-1.719,1.265,0.578,2.21,3.347,3.328,1.827,6.173,5.395,2.43,0.802,0.05,0.678,0.088,0.865,0.05,3.347,1.853,1.827,2.016,3.603,2.73,1.394,1.286,1.661,1.2,1.223,26.768
80,79,8.914,0.11,0.005,-0.15,0.15,-0.15,0.15,-0.15,0.15,2.019,-1.47,0.281,2.029,4.289,1.99,1.645,0.906,2.444,-0.306,0.497,-0.414,1.0,0.906,1.0,0.0,0.497,0.0,0.0,0.022,0.0,0.01,0.0,0.0,0.0,0.0,0.0,0.004,0.0,0.0,1.234,0.929,0.054,3.971,2.987,2.21,-0.878,-1.47,-1.719,1.769,0.578,1.99,3.347,3.328,1.827,6.173,5.395,2.43,0.749,0.05,0.593,0.069,0.831,0.05,3.347,2.898,1.827,1.265,2.972,2.21,1.394,1.227,1.661,1.337,1.223,13.384
81,80,9.028,0.111,0.01,-1.29,1.29,-1.29,1.29,-1.29,1.29,1.797,-1.669,0.059,2.234,4.067,1.793,1.312,0.705,1.907,-0.163,0.49,-0.203,1.0,0.705,1.0,0.0,0.49,0.0,0.0,0.0,0.0,0.011,0.0,0.0,0.0,0.043,0.0,0.084,0.0,0.029,1.234,0.83,0.054,3.971,2.987,2.112,-0.878,-1.669,-1.719,1.769,0.578,1.793,3.347,3.328,1.827,6.173,5.395,2.43,0.687,0.05,0.502,0.089,0.789,0.05,3.347,1.913,1.827,1.769,2.938,1.99,1.394,1.178,1.661,1.337,1.223,9.245
82,81,9.14,0.11,0.013,-1.431,1.431,-1.431,1.431,-1.431,1.431,1.577,-1.372,-0.161,2.1,3.847,1.688,1.215,0.511,1.315,0.0,0.634,-0.148,1.0,0.511,1.0,0.0,0.634,0.0,0.0,0.128,0.0,0.251,0.0,0.088,0.0,0.939,0.0,0.156,0.0,0.141,1.234,0.83,0.054,2.002,2.987,2.059,-0.878,-1.669,-1.719,1.769,0.578,1.688,3.347,3.328,1.827,2.234,5.395,2.43,0.617,0.069,0.412,0.777,0.741,0.05,3.347,0.884,1.827,1.769,3.632,1.793,1.394,1.178,1.661,12.664,1.223,7.936
83,82,9.253,0.111,0.011,-2.101,2.101,-2.101,2.101,-2.101,2.101,1.355,-1.039,-0.383,2.346,3.625,1.971,1.022,0.324,1.204,-0.01,0.531,-0.07,1.0,0.324,1.0,0.0,0.531,0.0,0.0,2.817,0.0,0.467,0.0,0.422,0.0,1.0,0.0,0.84,0.0,0.887,1.234,0.83,0.054,2.223,2.987,2.059,-0.878,-1.669,-1.719,2.1,0.578,1.688,3.347,3.328,1.827,2.346,5.395,2.43,0.542,0.1,0.326,0.95,0.686,0.332,3.347,-0.05,1.827,1.769,3.136,1.688,1.394,1.178,1.661,23.939,1.223,7.936
84,83,9.366,0.11,0.012,-4.285,4.285,-4.285,4.285,-4.285,4.285,1.135,-0.709,-0.603,2.676,3.405,2.301,1.043,0.36,1.13,0.133,0.607,-0.211,1.0,0.36,1.0,0.133,0.607,0.0,0.0,3.0,0.0,2.521,0.0,2.662,0.0,1.0,0.0,1.0,0.0,1.0,1.234,0.83,0.054,2.388,2.987,2.059,-0.878,-1.669,-1.719,2.1,0.578,1.688,3.347,3.328,1.827,2.676,5.395,2.43,0.465,0.14,0.251,0.95,0.625,0.872,3.347,0.13,1.827,2.133,3.502,1.688,1.394,1.178,1.661,10.224,1.223,7.936
85,84,9.478,0.11,0.011,-4.975,4.975,-4.975,4.975,-4.975,4.975,0.915,-0.379,-0.823,3.006,3.185,2.631,1.194,0.374,1.574,0.388,0.379,-0.523,1.0,0.374,1.0,0.388,0.379,0.0,0.0,3.0,0.0,3.0,0.0,3.0,0.0,1.0,0.0,1.0,0.0,1.0,1.234,0.83,0.054,2.553,2.987,2.16,-0.878,-1.669,-1.719,2.1,0.578,1.688,3.347,3.328,1.827,3.006,5.395,2.631,0.39,0.194,0.189,0.95,0.56,0.95,3.347,0.2,1.827,2.323,2.404,1.688,1.394,1.178,1.661,6.5,1.223,6.245
86,85,9.592,0.111,0.011,-5.082,5.082,-5.082,5.082,-5.082,5.082,0.693,-0.046,-1.045,3.339,2.963,2.964,0.914,0.252,1.111,0.684,0.517,0.0,0.914,0.252,1.0,0.684,0.517,0.0,0.0,3.0,0.0,3.0,0.0,3.0,0.0,1.0,0.0,1.0,0.0,1.0,1.234,0.83,0.054,2.72,2.987,2.326,-0.878,-1.669,-1.719,2.1,0.578,1.688,3.347,3.328,1.827,3.339,5.395,2.964,0.32,0.263,0.139,0.95,0.493,0.95,2.984,-0.41,1.827,2.72,3.068,1.688,1.394,1.178,1.661,4.753,1.223,4.615
87,86,9.703,0.11,0.016,-5.097,5.097,-5.097,5.097,-5.097,5.097,0.473,0.284,-1.265,3.669,2.743,3.294,0.688,0.309,0.852,0.827,0.414,0.609,0.688,0.309,0.852,0.827,0.414,0.609,0.0,3.0,0.0,3.0,0.0,3.0,0.0,1.0,0.0,1.0,0.0,1.0,1.234,0.83,0.054,2.884,2.987,2.491,-0.878,-1.669,-1.719,2.1,0.578,1.688,3.347,3.328,1.827,3.669,5.395,3.294,0.257,0.345,0.101,0.95,0.426,0.95,2.029,-0.125,1.302,3.125,2.572,2.465,1.394,1.178,1.661,3.753,1.223,3.667
88,87,9.815,0.111,0.006,-5.1,5.1,-5.1,5.1,-5.1,5.1,0.251,0.617,-1.487,4.002,2.521,3.627,0.527,0.281,0.37,0.776,0.262,0.805,0.527,0.281,0.37,0.776,0.262,0.805,0.0,3.0,0.0,3.0,0.0,3.0,0.0,1.0,0.0,1.0,0.0,1.0,1.234,0.83,0.054,3.051,2.987,2.658,-0.878,-1.669,-1.719,2.1,0.578,1.688,3.347,3.328,1.827,4.002,5.395,3.627,0.202,0.438,0.072,0.95,0.361,0.95,1.349,-0.265,-0.407,3.318,1.84,2.981,1.394,1.178,1.661,3.096,1.223,3.037
89,88,9.927,0.11,0.012,-5.1,5.1,-5.1,5.1,-5.1,5.1,0.031,0.947,-1.707,4.332,2.301,3.957,0.613,0.489,0.574,0.653,0.324,0.68,0.613,0.489,0.574,0.653,0.324,0.68,0.0,3.0,0.0,3.0,0.0,3.0,0.0,1.0,0.0,1.0,0.0,1.0,1.234,0.83,0.054,3.216,2.987,2.823,-0.878,-1.669,-1.719,2.1,0.578,1.688,3.347,3.328,1.827,4.332,5.395,3.957,0.157,0.535,0.051,0.95,0.302,0.95,1.712,0.775,0.316,3.342,2.139,3.007,1.394,1.178,1.661,2.638,1.223,2.595
90,89,10.039,0.11,0.012,-5.1,5.1,-5.1,5.1,-5.1,5.1,-0.189,1.277,-1.927,4.661,2.081,4.287,0.409,0.561,0.333,0.776,-0.028,0.719,0.409,0.561,0.333,0.776,0.0,0.719,0.0,3.0,0.0,3.0,0.0,3.0,0.0,1.0,0.0,0.998,0.0,1.0,1.234,0.83,-0.05,3.381,2.987,2.988,-0.878,-1.669,-1.927,2.1,0.578,1.688,3.347,3.328,1.827,4.661,5.395,4.287,0.121,0.629,0.05,0.95,0.248,0.95,0.85,1.134,-0.538,3.832,0.578,3.319,1.394,1.178,1.569,2.299,1.223,2.266
91,90,10.151,0.11,0.011,-5.097,5.097,-5.097,5.097,-5.097,5.097,-0.409,1.607,-2.147,4.99,1.861,4.617,0.452,0.763,0.667,0.653,0.034,0.617,0.452,0.763,0.667,0.653,0.034,0.617,0.0,3.0,0.0,2.995,0.0,3.0,0.0,1.0,0.0,0.999,0.0,1.0,1.234,0.83,-0.16,3.545,2.987,3.152,-0.878,-1.669,-2.147,2.1,0.578,1.688,3.347,3.328,1.827,4.99,5.395,4.617,0.092,0.714,0.05,0.95,0.202,0.95,1.032,2.144,0.577,3.772,0.742,3.292,1.394,1.178,1.482,2.038,1.223,2.011
92,91,10.263,0.11,0.013,-5.097,5.097,-5.097,5.097,-5.097,5.097,-0.629,1.937,-2.367,5.319,1.641,4.947,0.473,0.906,0.667,0.633,0.041,0.438,0.473,0.906,0.667,0.633,0.041,0.438,0.0,3.0,0.0,2.996,0.0,3.0,0.0,1.0,0.0,0.997,0.0,1.0,1.234,0.83,-0.27,3.71,2.987,3.318,-0.878,-1.669,-2.367,2.1,0.578,1.688,3.347,3.328,1.827,5.319,5.395,4.947,0.069,0.787,0.05,0.95,0.162,0.95,1.12,2.858,0.504,3.929,0.775,2.971,1.394,1.178,1.404,1.829,1.223,1.807
93,92,10.375,0.11,0.007,-5.095,5.095,-5.095,5.095,-5.095,5.095,-0.849,2.267,-2.587,5.646,1.421,5.277,0.409,0.978,0.481,0.592,-0.248,0.547,0.409,0.978,0.481,0.592,0.0,0.547,0.0,3.0,0.0,2.991,0.0,3.0,0.0,1.0,0.0,0.996,0.0,1.0,1.234,0.83,-0.38,3.873,2.987,3.482,-0.878,-1.669,-2.587,2.1,0.578,1.688,3.347,3.328,1.827,5.646,5.395,5.277,0.052,0.845,0.05,0.95,0.129,0.95,0.85,3.218,-0.35,4.006,0.578,3.471,1.394,1.178,1.334,1.661,1.223,1.641
94,93,10.488,0.111,0.01,-5.093,5.093,-5.093,5.093,-5.093,5.093,-1.071,2.6,-2.809,5.97,1.199,5.609,0.581,1.043,0.519,0.612,-0.262,0.609,0.581,1.0,0.519,0.612,0.0,0.609,0.0,3.0,0.0,2.987,0.0,2.999,0.0,1.0,0.0,0.984,0.0,0.998,1.138,0.83,-0.491,4.035,2.987,3.648,-1.071,-1.669,-2.809,2.1,0.578,1.688,3.347,3.328,1.827,5.97,5.395,5.609,0.05,0.89,0.05,0.95,0.101,0.95,1.577,3.328,-0.296,4.27,0.578,3.874,1.333,1.178,1.27,1.522,1.223,1.502
95,94,10.6,0.11,0.013,-5.072,5.072,-5.072,5.072,-5.072,5.072,-1.291,2.929,-3.029,6.11,0.979,5.903,0.312,1.029,0.333,0.735,0.055,0.727,0.312,1.0,0.333,0.735,0.055,0.727,0.0,3.0,0.0,2.952,0.0,2.993,0.0,1.0,0.0,0.654,0.0,0.935,1.028,0.83,-0.601,4.105,2.987,3.796,-1.291,-1.669,-3.029,2.1,0.578,1.688,3.347,3.328,1.827,6.11,5.395,5.903,0.05,0.922,0.05,0.95,0.079,0.95,0.307,3.328,-1.265,4.944,0.843,4.539,1.27,1.178,1.213,1.469,1.223,1.397
96,95,10.714,0.112,0.011,-4.496,4.496,-4.496,4.496,-4.496,4.496,-1.515,2.779,-3.253,6.238,0.755,6.203,0.516,1.309,0.593,0.571,-0.4,0.539,0.516,1.0,0.593,0.571,0.0,0.539,0.0,3.0,0.0,1.963,0.0,2.805,0.0,0.997,0.0,0.63,0.0,0.936,0.916,0.63,-0.713,4.169,2.987,3.946,-1.515,-1.669,-3.253,2.1,0.578,1.688,3.347,2.929,1.827,6.238,5.395,6.203,0.05,0.94,0.05,0.95,0.061,0.95,1.102,3.328,-0.149,4.39,0.578,3.96,1.211,1.281,1.159,1.423,1.223,1.304
97,96,10.827,0.11,0.012,-3.13,3.13,-3.13,3.13,-3.13,3.13,-1.735,2.559,-3.473,6.018,0.536,5.988,0.645,1.417,1.019,0.602,-0.476,0.531,0.645,1.0,1.0,0.602,0.0,0.531,0.0,2.991,0.0,1.889,0.0,2.808,0.0,0.732,0.0,0.001,0.0,0.008,0.806,0.63,-0.823,4.169,2.966,3.946,-1.735,-1.669,-3.473,2.1,0.536,1.688,3.347,2.929,1.827,6.238,5.395,6.203,0.05,0.922,0.05,0.933,0.05,0.935,1.621,2.929,1.827,4.591,0.578,4.085,1.159,1.281,1.111,1.423,1.212,1.304
98,97,10.939,0.11,0.012,-0.494,0.494,-0.494,0.494,-0.494,0.494,-1.944,2.339,-3.152,5.798,0.318,5.768,0.398,1.209,0.407,0.684,0.007,0.641,0.398,1.0,0.407,0.684,0.007,0.641,0.0,2.196,0.0,0.002,0.0,0.025,0.02,0.0,0.984,0.0,0.005,0.0,0.702,0.63,-0.823,4.169,2.856,3.946,-1.944,-1.669,-3.473,2.1,0.318,1.688,3.347,2.929,1.827,6.238,5.395,6.203,0.05,0.899,0.07,0.91,0.05,0.915,0.288,2.929,-1.316,4.93,0.57,4.582,1.113,1.281,1.111,1.423,1.16,1.304
99,98,11.052,0.11,0.011,1.375,-1.375,1.375,-1.375,1.375,-1.375,-1.63,2.119,-2.827,5.578,0.648,5.548,0.495,1.417,0.741,0.571,-0.524,0.539,0.495,1.0,0.741,0.571,0.0,0.539,0.059,0.0,2.952,0.0,0.015,0.0,0.971,0.0,0.99,0.0,0.995,0.0,0.702,0.63,-0.823,4.169,2.856,3.946,-1.944,-1.669,-3.473,2.1,0.318,1.688,3.347,2.929,1.827,6.238,5.395,6.203,0.069,0.871,0.097,0.881,0.072,0.89,0.675,2.929,0.454,4.463,0.318,4.122,1.113,1.281,1.111,1.423,1.16,1.304
100,99,11.166,0.11,0.012,4.471,-4.471,4.471,-4.471,4.471,-4.471,-1.3,1.899,-2.497,5.358,0.978,5.328,0.548,1.36,0.778,0.531,-0.248,0.617,0.548,1.0,0.778,0.531,0.0,0.617,2.912,0.0,2.97,0.0,2.985,0.0,1.0,0.0,1.0,0.0,1.0,0.0,0.702,0.63,-0.823,4.169,2.856,3.946,-1.944,-1.669,-3.473,2.1,0.318,1.688,3.347,2.929,1.827,6.238,5.395,6.203,0.097,0.836,0.135,0.844,0.102,0.859,0.955,2.929,0.65,4.297,0.318,4.474,1.113,1.281,1.111,1.423,1.16,1.304
101,100,11.278,0.11,0.011,5.003,-5.003,5.003,-5.003,5.003,-5.003,-0.97,1.679,-2.167,5.138,1.308,5.108,0.29,1.201,0.5,0.612,-0.4,0.594,0.29,1.0,0.5,0.612,0.0,0.594,3.0,0.0,3.0,0.0,3.0,0.0,1.0,0.0,1.0,0.0,1.0,0.0,0.702,0.63,-0.823,4.169,2.856,3.946,-1.944,-1.669,-3.473,2.1,0.318,1.688,3.347,2.929,1.827,6.238,5.395,6.203,0.135,0.793,0.183,0.799,0.142,0.82,-0.41,2.929,-0.823,4.632,0.318,4.37,1.113,1.281,1.111,1.423,1.16,1.304
102,101,11.392,0.111,0.011,5.086,-5.086,5.086,-5.086,5.086,-5.086,-0.637,1.457,-1.834,4.916,1.641,4.886,0.151,1.158,0.259,0.735,-0.034,0.625,0.151,1.0,0.259,0.735,0.0,0.625,3.0,0.0,3.0,0.0,3.0,0.0,1.0,0.0,1.0,0.0,1.0,0.0,0.702,0.63,-0.823,4.169,2.856,3.946,-1.944,-1.669,-3.473,2.1,0.318,1.688,3.347,2.929,1.827,6.238,5.395,6.203,0.184,0.743,0.245,0.743,0.196,0.773,-1.145,2.929,-2.1,5.141,0.318,4.51,1.113,1.281,1.111,1.423,1.16,1.304
103,102,11.503,0.11,0.016,5.098,-5.098,5.098,-5.098,5.098,-5.098,-0.307,1.237,-1.504,4.696,1.971,4.666,0.14,1.072,0.111,0.816,-0.041,0.797,0.14,1.0,0.111,0.816,0.0,0.797,3.0,0.0,3.0,0.0,3.0,0.0,1.0,0.0,1.0,0.0,1.0,0.0,0.702,0.63,-0.823,4.169,2.856,3.946,-1.944,-1.669,-3.473,2.1,0.318,1.688,3.347,2.929,1.827,6.238,5.395,6.203,0.246,0.685,0.319,0.679,0.264,0.719,-1.203,2.929,-2.885,5.477,0.318,5.286,1.113,1.281,1.111,1.423,1.16,1.304
104,103,11.615,0.11,0.007,5.1,-5.1,5.1,-5.1,5.1,-5.1,0.023,1.017,-1.174,4.476,2.301,4.446,0.14,1.094,0.185,0.684,-0.076,0.648,0.14,1.0,0.185,0.684,0.0,0.648,3.0,0.0,3.0,0.0,3.0,0.0,1.0,0.0,1.0,0.0,1.0,0.0,0.702,0.63,-0.823,4.169,2.856,3.946,-1.944,-1.669,-3.473,2.1,0.318,1.688,3.347,2.929,1.827,6.238,5.395,6.203,0.32,0.621,0.404,0.608,0.344,0.658,-1.203,2.929,-2.492,4.93,0.318,4.614,1.113,1.281,1.111,1.423,1.16,1.304
105,104,11.727,0.11,0.017,5.1,-5.1,5.1,-5.1,5.1,-5.1,0.353,0.797,-0.844,4.256,2.631,4.226,0.226,1.029,0.463,0.673,-0.09,0.688,0.226,1.0,0.463,0.673,0.0,0.688,3.0,0.0,3.0,0.0,3.0,0.0,1.0,0.0,1.0,0.0,1.0,0.0,0.702,0.63,-0.823,4.169,2.856,3.946,-1.944,-1.669,-3.473,2.1,0.318,1.688,3.347,2.929,1.827,6.238,5.395,6.203,0.404,0.553,0.494,0.531,0.435,0.59,-0.748,2.929,-1.019,4.885,0.318,4.794,1.113,1.281,1.111,1.423,1.16,1.304
106,105,11.839,0.11,0.012,5.1,-5.1,5.1,-5.1,5.1,-5.1,0.683,0.577,-0.514,4.036,2.961,4.006,0.398,0.885,0.519,0.622,0.076,0.711,0.398,0.885,0.519,0.622,0.076,0.711,3.0,0.0,3.0,0.0,3.0,0.0,1.0,0.0,1.0,0.0,1.0,0.0,0.702,0.63,-0.823,4.169,2.856,3.946,-1.944,-1.669,-3.473,2.1,0.318,1.688,3.347,2.929,1.827,6.238,5.395,6.203,0.495,0.483,0.585,0.453,0.53,0.52,0.162,2.4,-0.722,4.674,0.704,4.898,1.113,1.281,1.111,1.423,1.16,1.304
107,106,11.952,0.11,0.013,5.1,-5.1,5.1,-5.1,5.1,-5.1,1.013,0.357,-0.184,3.816,3.291,3.786,0.613,1.129,1.167,0.398,0.014,0.352,0.613,1.0,1.0,0.398,0.014,0.352,3.0,0.0,3.0,0.0,3.0,0.0,1.0,0.0,1.0,0.0,1.0,0.0,0.702,0.63,-0.823,4.169,2.856,3.946,-1.944,-1.669,-3.473,2.1,0.318,1.688,3.347,2.929,1.827,6.238,5.395,6.203,0.586,0.413,0.67,0.377,0.623,0.448,1.299,2.929,1.827,3.747,0.389,3.277,1.113,1.281,1.111,1.423,1.16,1.304
108,107,12.066,0.11,0.017,5.1,-5.1,5.1,-5.1,5.1,-5.1,1.343,0.137,0.146,3.596,3.621,3.566,0.559,0.835,0.944,0.357,0.255,0.367,0.559,0.835,0.944,0.357,0.255,0.367,3.0,0.0,3.0,0.0,3.0,0.0,1.0,0.0,1.0,0.0,1.0,0.0,0.702,0.63,-0.823,4.169,2.856,3.946,-1.944,-1.669,-3.473,2.1,0.318,1.688,3.347,2.929,1.827,6.238,5.395,6.203,0.671,0.347,0.746,0.307,0.708,0.379,1.014,2.17,1.53,3.577,1.613,3.345,1.113,1.281,1.111,1.423,1.16,1.304
109,108,12.177,0.11,0.01,5.1,-5.1,5.1,-5.1,5.1,-5.1,1.673,-0.083,0.476,3.376,3.951,3.346,0.839,0.935,1.037,0.408,0.359,0.453,0.839,0.935,1.0,0.408,0.359,0.453,3.0,0.0,3.0,0.0,3.0,0.0,1.0,0.0,1.0,0.0,1.0,0.0,0.702,0.63,-0.823,4.169,2.856,3.946,-1.944,-1.669,-3.473,2.1,0.318,1.688,3.347,2.929,1.827,6.238,5.395,6.203,0.747,0.286,0.809,0.244,0.781,0.314,2.495,2.63,1.827,3.788,2.141,3.733,1.113,1.281,1.111,1.423,1.16,1.304
110,109,12.291,0.112,0.01,5.1,-5.1,5.1,-5.1,5.1,-5.1,2.009,-0.307,0.272,3.152,4.287,3.122,0.968,1.129,1.741,0.143,0.352,0.094,0.968,1.0,1.0,0.143,0.352,0.094,3.0,0.0,3.0,0.0,3.0,0.0,1.0,0.0,1.0,0.0,1.0,0.0,0.702,0.63,-1.498,4.169,2.856,3.946,-1.944,-1.669,-3.473,2.1,0.318,1.688,3.347,2.929,0.476,6.238,5.395,6.203,0.811,0.231,0.933,0.19,0.84,0.255,3.178,2.929,1.827,2.692,2.105,2.112,1.113,1.281,1.491,1.423,1.16,1.304
111,110,12.403,0.11,0.012,3.714,-3.714,3.714,-3.714,3.714,-3.714,2.33,-0.527,0.602,2.932,4.613,2.902,0.914,0.799,1.315,0.276,0.476,0.281,0.914,0.799,1.0,0.276,0.476,0.281,3.0,0.0,3.0,0.0,3.0,0.0,0.984,0.0,1.0,0.0,0.993,0.0,0.702,0.63,0.437,4.169,2.856,3.946,-1.944,-1.669,0.272,2.1,0.318,1.688,3.347,2.929,0.602,6.238,5.395,6.203,0.86,0.185,0.95,0.147,0.885,0.204,2.892,2.005,0.476,3.242,2.735,2.957,1.113,1.281,17.845,1.423,1.16,1.304
112,111,12.515,0.11,0.007,4.853,-4.853,4.853,-4.853,4.853,-4.853,2.648,-0.747,0.932,2.712,4.943,2.682,1.14,0.964,1.889,-0.041,0.497,0.016,1.0,0.964,1.0,0.0,0.497,0.016,2.952,0.0,3.0,0.0,2.978,0.0,0.999,0.0,1.0,0.0,1.0,0.0,0.702,0.63,0.602,4.169,2.856,3.946,-1.944,-1.669,0.272,2.1,0.318,1.688,3.347,2.929,0.932,6.238,5.395,6.203,0.897,0.146,0.95,0.112,0.918,0.161,3.347,2.763,0.602,2.1,2.841,1.76,1.113,1.281,8.923,1.423,1.16,1.304
113,112,12.629,0.111,0.011,5.033,-5.033,5.033,-5.033,5.033,-5.033,2.551,-0.969,1.265,2.49,5.276,2.46,1.366,0.82,2.204,-0.061,0.552,-0.148,1.0,0.82,1.0,0.0,0.552,0.0,2.998,0.0,3.0,0.0,3.0,0.0,1.0,0.0,1.0,0.0,1.0,0.0,0.352,0.63,0.769,4.169,2.856,3.946,-1.944,-1.669,0.272,2.1,0.318,1.688,2.648,2.929,1.265,6.238,5.395,6.203,0.944,0.114,0.95,0.084,0.943,0.126,3.347,2.101,0.932,2.1,3.121,1.688,1.282,1.281,5.93,1.423,1.16,1.304
114,113,12.741,0.11,0.013,3.974,-3.974,3.974,-3.974,3.974,-3.974,2.87,-1.189,1.595,2.27,5.517,2.24,1.118,0.799,1.833,0.102,0.655,-0.039,1.0,0.799,1.0,0.102,0.655,0.0,2.999,0.0,3.0,0.0,3.0,0.0,0.999,0.0,1.0,0.0,0.839,0.0,2.71,0.63,0.934,4.169,2.918,3.946,2.551,-1.669,0.272,2.1,0.318,1.688,2.87,2.929,1.595,6.238,5.517,6.203,0.95,0.089,0.95,0.063,0.95,0.098,2.648,2.005,1.265,2.522,3.643,1.688,18.46,1.281,4.451,1.423,1.133,1.304
115,114,12.854,0.11,0.012,4.666,-4.666,4.666,-4.666,4.666,-4.666,3.2,-1.409,1.925,2.05,5.843,2.02,1.398,0.698,2.167,-0.092,0.648,-0.266,1.0,0.698,1.0,0.0,0.648,0.0,2.996,0.0,3.0,0.0,2.518,0.0,1.0,0.0,1.0,0.0,0.993,0.0,2.876,0.63,1.098,4.144,3.08,3.946,2.551,-1.669,0.272,2.05,0.318,1.688,3.2,2.929,1.925,6.238,5.843,6.203,0.95,0.068,0.95,0.05,0.95,0.075,2.87,1.54,1.595,2.1,3.687,1.688,9.074,1.281,3.563,1.406,1.066,1.304
116,115,12.967,0.11,0.013,5.021,-5.021,5.021,-5.021,5.021,-5.021,3.53,-1.629,2.255,1.83,6.173,1.8,1.28,0.755,1.815,-0.153,0.572,-0.352,1.0,0.755,1.0,0.0,0.572,0.0,3.0,0.0,3.0,0.0,2.978,0.0,1.0,0.0,1.0,0.0,1.0,0.0,3.04,0.63,1.264,4.034,3.246,3.946,2.551,-1.669,0.272,1.83,0.318,1.688,3.53,2.929,2.255,6.238,6.173,6.203,0.95,0.052,0.95,0.05,0.95,0.057,3.2,1.802,1.925,2.05,3.478,1.688,6.015,1.281,2.97,1.336,1.006,1.304
117,116,13.079,0.11,0.011,5.087,-5.087,5.087,-5.087,5.087,-5.087,3.858,-1.849,2.522,1.61,6.502,1.58,1.441,0.863,2.222,-0.071,0.572,-0.18,1.0,0.863,1.0,0.0,0.572,0.0,3.0,0.0,3.0,0.0,2.999,0.0,1.0,0.0,1.0,0.0,0.999,0.0,3.205,0.54,1.397,3.924,3.41,3.892,2.551,-1.849,0.272,1.61,0.318,1.58,3.858,2.929,2.522,6.238,6.502,6.203,0.95,0.05,0.95,0.05,0.95,0.05,3.53,2.299,2.255,1.83,3.667,1.688,4.506,1.232,2.617,1.272,0.952,1.274
118,117,13.193,0.112,0.011,4.923,-4.923,4.923,-4.923,4.923,-4.923,4.136,-2.073,2.368,1.386,6.833,1.356,1.484,0.878,2.241,-0.245,0.593,-0.211,1.0,0.878,1.0,0.0,0.593,0.0,2.999,0.0,3.0,0.0,2.998,0.0,0.995,0.0,1.0,0.0,0.991,0.0,3.344,0.428,1.397,3.812,3.576,3.78,2.551,-2.073,0.272,1.386,0.318,1.356,4.136,2.929,2.522,6.238,6.833,6.203,0.95,0.05,0.927,0.05,0.95,0.05,3.858,2.346,2.522,1.61,3.985,1.58,3.715,1.177,2.617,1.214,0.904,1.215
119,118,13.306,0.11,0.013,3.653,-3.653,3.653,-3.653,3.653,-3.653,3.924,-2.293,2.154,1.166,6.614,1.136,1.226,0.741,1.907,-0.143,0.759,-0.172,1.0,0.741,1.0,0.0,0.759,0.0,2.985,0.0,3.0,0.0,2.973,0.0,0.082,0.0,0.997,0.0,0.0,0.0,3.344,0.318,1.397,3.702,3.576,3.67,2.551,-2.293,0.272,1.166,0.318,1.136,4.136,2.929,2.522,6.238,6.833,6.203,0.896,0.05,0.879,0.05,0.94,0.05,4.136,1.633,2.522,1.386,5.263,1.356,3.715,1.128,2.617,1.161,0.904,1.162
120,119,13.418,0.11,0.011,0.599,-0.599,0.599,-0.599,0.599,-0.599,3.704,-2.513,1.934,0.964,6.394,0.974,1.559,0.856,2.333,-0.214,0.628,-0.258,1.0,0.856,1.0,0.0,0.628,0.0,0.246,0.0,2.99,0.0,0.001,0.0,0.0,0.0,0.0,0.0,0.0,0.0,3.344,0.208,1.397,3.601,3.576,3.589,2.551,-2.513,0.272,0.964,0.318,0.974,4.136,2.929,2.522,6.238,6.833,6.203,0.792,0.05,0.803,0.05,0.927,0.05,4.136,2.177,2.522,1.166,4.409,1.136,3.715,1.082,2.617,1.117,0.904,1.126
121,120,13.531,0.11,0.01,-0.106,0.106,-0.106,0.106,-0.106,0.106,3.484,-2.733,1.714,1.268,6.174,1.258,1.538,0.914,2.537,-0.276,0.517,-0.258,1.0,0.914,1.0,0.0,0.517,0.0,0.0,0.0,0.0,0.0,0.0,0.001,0.0,0.0,0.0,0.014,0.0,0.013,3.344,0.098,1.397,3.601,3.576,3.589,2.551,-2.733,0.272,0.964,0.318,0.974,4.136,2.929,2.522,6.238,6.833,6.203,0.628,0.05,0.696,0.069,0.913,0.068,4.136,2.461,2.522,0.964,3.686,0.974,3.715,1.04,2.617,1.117,0.904,1.126
122,121,13.643,0.11,0.01,-2.704,2.704,-2.704,2.704,-2.704,2.704,3.264,-2.403,1.494,1.597,5.954,1.588,1.237,0.712,1.759,0.01,0.634,-0.219,1.0,0.712,1.0,0.01,0.634,0.0,0.0,0.0,0.0,0.041,0.0,0.039,0.0,0.999,0.0,1.0,0.0,1.0,3.344,0.098,1.397,3.601,3.576,3.589,2.551,-2.733,0.272,0.964,0.318,0.974,4.136,2.929,2.522,6.238,6.833,6.203,0.427,0.069,0.563,0.096,0.896,0.095,4.136,1.298,2.522,1.017,4.449,0.974,3.715,1.04,2.617,1.117,0.904,1.126
123,122,13.755,0.11,0.007,-4.73,4.73,-4.73,4.73,-4.73,4.73,3.044,-2.073,1.274,1.927,5.734,1.918,1.237,0.633,1.944,-0.286,0.552,-0.406,1.0,0.633,1.0,0.0,0.552,0.0,0.0,2.997,0.0,2.999,0.0,2.999,0.0,1.0,0.0,1.0,0.0,1.0,3.344,0.098,1.397,3.601,3.576,3.589,2.551,-2.733,0.272,0.964,0.318,0.974,4.136,2.929,2.522,6.238,6.833,6.203,0.247,0.095,0.42,0.134,0.876,0.132,4.136,0.851,2.522,0.964,3.914,0.974,3.715,1.04,2.617,1.117,0.904,1.126
124,123,13.868,0.111,0.012,-5.046,5.046,-5.046,5.046,-5.046,5.046,2.822,-1.74,1.052,2.26,5.512,2.251,1.032,0.647,2.222,-0.541,0.469,-0.594,1.0,0.647,1.0,0.0,0.469,0.0,0.0,3.0,0.0,3.0,0.0,3.0,0.0,1.0,0.0,1.0,0.0,1.0,3.344,0.098,1.397,3.601,3.576,3.589,2.551,-2.733,0.272,0.964,0.318,0.974,4.136,2.929,2.522,6.238,6.833,6.203,0.126,0.129,0.288,0.183,0.852,0.181,4.136,0.93,2.522,0.964,3.374,0.974,3.715,1.04,2.617,1.117,0.904,1.126
125,124,13.98,0.11,0.013,-5.092,5.092,-5.092,5.092,-5.092,5.092,2.602,-1.41,0.832,2.59,5.292,2.581,0.817,0.424,1.759,-0.388,0.503,-0.398,0.817,0.424,1.0,0.0,0.503,0.0,0.0,3.0,0.0,3.0,0.0,3.0,0.0,1.0,0.0,1.0,0.0,1.0,3.344,0.098,1.397,3.601,3.576,3.589,2.551,-2.733,0.272,0.964,0.318,0.974,4.136,2.929,2.522,6.238,6.833,6.203,0.06,0.172,0.186,0.244,0.825,0.243,3.846,-0.332,2.522,0.964,3.595,0.974,3.715,1.04,2.617,1.117,0.904,1.126
126,125,14.093,0.111,0.011,-5.099,5.099,-5.099,5.099,-5.099,5.099,2.38,-1.077,0.61,2.923,5.07,2.914,0.774,0.424,1.556,-0.357,0.552,-0.414,0.774,0.424,1.0,0.0,0.552,0.0,0.0,3.0,0.0,3.0,0.0,3.0,0.0,1.0,0.0,1.0,0.0,1.0,3.258,0.098,1.397,3.601,3.576,3.589,2.38,-2.733,0.272,0.964,0.318,0.974,4.136,2.929,2.522,6.238,6.833,6.203,0.05,0.228,0.113,0.319,0.794,0.319,3.778,-0.332,2.522,0.964,3.914,0.974,3.354,1.04,2.617,1.117,0.904,1.126
127,126,14.207,0.11,0.014,-5.1,5.1,-5.1,5.1,-5.1,5.1,2.16,-0.747,0.39,3.253,4.85,3.244,0.43,0.302,0.944,-0.092,0.469,-0.586,0.43,0.302,0.944,0.0,0.469,0.0,0.0,3.0,0.0,3.0,0.0,3.0,0.0,1.0,0.0,1.0,0.0,1.0,3.148,0.098,1.397,3.601,3.576,3.589,2.16,-2.733,0.272,0.964,0.318,0.974,4.136,2.929,2.522,6.238,6.833,6.203,0.05,0.293,0.067,0.404,0.76,0.404,3.135,-1.023,2.396,0.964,3.374,0.974,2.98,1.04,2.617,1.117,0.904,1.126
128,127,14.319,0.11,0.012,-5.1,5.1,-5.1,5.1,-5.1,5.1,1.94,-0.417,0.17,3.583,4.63,3.574,0.624,0.468,1.463,-0.224,0.476,-0.414,0.624,0.468,1.0,0.0,0.476,0.0,0.0,3.0,0.0,3.0,0.0,3.0,0.0,1.0,0.0,1.0,0.0,1.0,3.038,0.098,1.346,3.601,3.576,3.589,1.94,-2.733,0.17,0.964,0.318,0.974,4.136,2.929,2.522,6.238,6.833,6.203,0.05,0.369,0.05,0.495,0.722,0.496,3.393,-0.083,2.522,0.964,3.419,0.974,2.682,1.04,2.504,1.117,0.904,1.126
129,128,14.432,0.11,0.011,-5.1,5.1,-5.1,5.1,-5.1,5.1,1.72,-0.087,-0.05,3.913,4.41,3.904,0.527,0.59,1.481,-0.153,0.29,-0.344,0.527,0.59,1.0,0.0,0.29,0.0,0.0,3.0,0.0,3.0,0.0,3.0,0.0,1.0,0.0,1.0,0.0,1.0,2.928,0.098,1.236,3.601,3.576,3.589,1.72,-2.733,-0.05,0.964,0.318,0.974,4.136,2.929,2.522,6.238,6.833,6.203,0.05,0.452,0.05,0.586,0.68,0.588,3.097,0.608,2.522,0.964,2.207,0.974,2.437,1.04,2.29,1.117,0.904,1.126
130,129,14.545,0.11,0.017,-5.1,5.1,-5.1,5.1,-5.1,5.1,1.5,0.243,-0.27,4.243,4.19,4.234,0.473,0.612,1.13,0.071,0.476,-0.328,0.473,0.612,1.0,0.071,0.476,0.0,0.0,3.0,0.0,3.0,0.0,3.0,0.0,1.0,0.0,1.0,0.0,1.0,2.818,0.098,1.126,3.601,3.576,3.589,1.5,-2.733,-0.27,0.964,0.318,0.974,4.136,2.929,2.522,6.238,6.833,6.203,0.05,0.538,0.05,0.672,0.635,0.674,2.863,0.732,2.522,1.338,3.419,0.974,2.234,1.04,2.109,1.117,0.904,1.126
131,130,14.657,0.11,0.01,-5.1,5.1,-5.1,5.1,-5.1,5.1,1.28,0.573,-0.49,4.573,3.97,4.564,0.548,0.77,1.259,0.041,0.49,-0.25,0.548,0.77,1.0,0.041,0.49,0.0,0.0,3.0,0.0,3.0,0.0,3.0,0.0,1.0,0.0,1.0,0.0,1.0,2.708,0.098,1.016,3.601,3.576,3.589,1.28,-2.733,-0.49,0.964,0.318,0.974,4.136,2.929,2.522,6.238,6.833,6.203,0.05,0.621,0.05,0.747,0.588,0.75,2.945,1.627,2.522,1.18,3.51,0.974,2.062,1.04,1.955,1.117,0.904,1.126
132,131,14.769,0.11,0.011,-5.1,5.1,-5.1,5.1,-5.1,5.1,1.06,0.903,-0.71,4.903,3.75,4.894,0.204,0.633,0.444,0.449,0.662,0.367,0.204,0.633,0.444,0.449,0.662,0.367,0.0,3.0,0.0,3.0,0.0,3.0,0.0,1.0,0.0,1.0,0.0,1.0,2.598,0.098,0.906,3.601,3.576,3.589,1.06,-2.733,-0.71,0.964,0.318,0.974,4.136,2.929,2.522,6.238,6.833,6.203,0.05,0.698,0.05,0.811,0.539,0.813,1.863,0.851,0.847,3.332,4.631,2.893,1.914,1.04,1.822,1.117,0.904,1.126
133,132,14.881,0.11,0.014,-5.1,5.1,-5.1,5.1,-5.1,5.1,0.84,1.233,-0.93,5.229,3.53,5.219,0.183,0.683,0.167,0.602,0.586,0.609,0.183,0.683,0.167,0.602,0.586,0.609,0.0,3.0,0.0,3.0,0.0,3.0,0.0,1.0,0.0,0.992,0.0,0.991,2.488,0.098,0.796,3.601,3.576,3.589,0.84,-2.733,-0.93,0.964,0.318,0.974,4.136,2.929,2.522,6.238,6.833,6.203,0.05,0.765,0.05,0.86,0.49,0.863,1.623,1.134,-0.17,4.139,4.136,4.158,1.787,1.04,1.706,1.117,0.904,1.126
134,133,14.994,0.111,0.012,-5.075,5.075,-5.075,5.075,-5.075,5.075,0.618,1.566,-1.152,5.521,3.308,5.481,0.086,0.791,0.148,0.684,0.31,0.711,0.086,0.791,0.148,0.684,0.31,0.711,0.0,3.0,0.0,2.976,0.0,2.973,0.0,1.0,0.0,0.925,0.0,0.872,2.377,0.098,0.685,3.601,3.576,3.589,0.618,-2.733,-1.152,0.964,0.318,0.974,4.136,2.929,2.522,6.238,6.833,6.203,0.05,0.822,0.05,0.895,0.44,0.894,1.123,1.746,-0.419,4.571,2.338,4.692,1.674,1.04,1.603,1.117,0.904,1.126
135,134,15.109,0.111,0.014,-4.803,4.803,-4.803,4.803,-4.803,4.803,0.396,1.899,-1.374,5.661,3.086,5.612,0.097,0.849,0.278,0.704,0.214,0.711,0.097,0.849,0.278,0.704,0.214,0.711,0.0,3.0,0.0,2.776,0.0,2.615,0.0,1.0,0.0,0.653,0.0,0.636,2.266,0.098,0.574,3.601,3.576,3.589,0.396,-2.733,-1.374,0.964,0.318,0.974,4.136,2.929,2.522,6.238,6.833,6.203,0.05,0.867,0.05,0.909,0.391,0.907,0.959,2.074,-0.131,4.677,1.712,4.692,1.575,1.04,1.512,1.117,0.904,1.126
136,135,15.221,0.11,0.014,-4.029,4.029,-4.029,4.029,-4.029,4.029,0.176,2.228,-1.594,5.461,2.866,5.402,0.086,0.978,0.167,0.704,0.248,0.734,0.086,0.978,0.167,0.704,0.248,0.734,0.0,3.0,0.0,1.958,0.0,1.907,0.0,0.998,0.0,0.038,0.0,0.02,2.156,0.098,0.464,3.312,3.576,3.293,0.176,-2.733,-1.594,0.964,0.318,0.974,4.136,2.929,2.522,5.661,6.833,5.612,0.05,0.902,0.05,0.937,0.345,0.936,0.718,2.804,-0.723,4.677,1.934,4.812,1.487,1.04,1.431,1.254,0.904,1.27
137,136,15.334,0.11,0.011,-2.137,2.137,-2.137,2.137,-2.137,2.137,-0.044,2.008,-1.814,5.241,2.646,5.182,0.226,1.086,0.5,0.663,0.31,0.648,0.226,1.0,0.5,0.663,0.31,0.648,0.0,2.993,0.0,0.113,0.0,0.059,0.0,0.019,0.0,0.0,0.0,0.0,2.046,-0.252,0.354,3.312,3.576,3.293,-0.044,-2.733,-1.814,0.964,0.318,0.974,4.136,2.228,2.522,5.661,6.833,5.612,0.05,0.936,0.05,0.918,0.301,0.917,1.071,2.929,0.464,4.078,2.338,3.979,1.409,1.187,1.358,1.254,0.904,1.27
138,137,15.448,0.111,0.01,-0.315,0.315,-0.315,0.315,-0.315,0.315,-0.262,1.786,-2.024,5.019,2.487,4.96,0.172,1.266,0.519,0.551,-0.034,0.531,0.172,1.0,0.519,0.551,0.0,0.531,0.0,0.056,0.0,0.0,0.0,0.0,0.007,0.0,0.023,0.0,0.041,0.0,1.937,-0.252,0.249,3.312,3.576,3.293,-0.262,-2.733,-2.024,0.964,0.318,0.974,4.136,2.228,2.522,5.661,6.833,5.612,0.05,0.918,0.05,0.895,0.272,0.893,0.675,2.228,0.436,3.552,0.318,3.437,1.339,1.187,1.295,1.254,0.904,1.27
139,138,15.56,0.11,0.01,0.16,-0.16,0.16,-0.16,0.16,-0.16,-0.33,1.566,-1.699,4.799,2.353,4.74,0.14,1.144,0.278,0.755,0.028,0.734,0.14,1.0,0.278,0.755,0.028,0.734,0.021,0.0,0.068,0.0,0.122,0.0,0.275,0.0,0.99,0.0,0.154,0.0,1.903,-0.252,0.249,3.312,3.576,3.293,-0.33,-2.733,-2.024,0.964,0.318,0.974,4.136,2.228,2.522,5.661,6.833,5.612,0.05,0.896,0.074,0.866,0.249,0.863,0.354,2.228,-0.76,4.51,0.5,4.378,1.319,1.187,1.295,1.254,0.904,1.27
140,139,15.673,0.111,0.011,2.087,-2.087,2.087,-2.087,2.087,-2.087,0.002,1.344,-1.366,4.577,2.653,4.518,0.215,1.245,0.481,0.643,0.186,0.648,0.215,1.0,0.481,0.643,0.186,0.648,0.825,0.0,2.97,0.0,0.463,0.0,0.999,0.0,1.0,0.0,0.942,0.0,1.903,-0.252,0.249,3.312,4.593,3.293,-0.33,-2.733,-2.024,0.964,2.353,0.974,4.136,2.228,2.522,5.661,6.833,5.612,0.075,0.869,0.11,0.83,0.072,0.826,0.63,2.228,0.163,3.984,1.53,3.979,1.319,1.187,1.295,1.254,1.314,1.27
141,140,15.789,0.111,0.013,4.573,-4.573,4.573,-4.573,4.573,-4.573,0.335,1.122,-1.033,4.355,2.986,4.296,0.226,1.338,0.667,0.592,0.062,0.586,0.226,1.0,0.667,0.592,0.062,0.586,2.998,0.0,3.0,0.0,2.826,0.0,1.0,0.0,1.0,0.0,1.0,0.0,1.903,-0.252,0.249,3.312,4.593,3.293,-0.33,-2.733,-2.024,0.964,2.353,0.974,4.136,2.228,2.522,5.661,6.833,5.612,0.112,0.836,0.16,0.787,0.108,0.781,0.679,2.228,1.008,3.745,2.631,3.692,1.319,1.187,1.295,1.254,1.314,1.27
142,141,15.9,0.11,0.013,5.019,-5.019,5.019,-5.019,5.019,-5.019,0.665,0.902,-0.703,4.135,3.316,4.076,0.097,1.18,0.296,0.673,0.014,0.664,0.097,1.0,0.296,0.673,0.014,0.664,3.0,0.0,3.0,0.0,3.0,0.0,1.0,0.0,1.0,0.0,1.0,0.0,1.903,-0.252,0.249,3.312,4.593,3.293,-0.33,-2.733,-2.024,0.964,2.353,0.974,4.136,2.228,2.522,5.661,6.833,5.612,0.163,0.797,0.226,0.737,0.157,0.73,0.103,2.228,-0.678,4.125,2.416,4.054,1.319,1.187,1.295,1.254,1.314,1.27
143,142,16.014,0.111,0.012,5.088,-5.088,5.088,-5.088,5.088,-5.088,0.998,0.68,-0.37,3.913,3.649,3.854,0.043,1.065,0.037,0.816,-0.028,0.805,0.043,1.0,0.037,0.816,0.0,0.805,3.0,0.0,3.0,0.0,3.0,0.0,1.0,0.0,1.0,0.0,1.0,0.0,1.903,-0.252,0.249,3.312,4.593,3.293,-0.33,-2.733,-2.024,0.964,2.353,0.974,4.136,2.228,2.522,5.661,6.833,5.612,0.233,0.752,0.31,0.68,0.224,0.671,-0.138,2.228,-1.856,4.797,2.353,4.708,1.319,1.187,1.295,1.254,1.314,1.27
144,143,16.127,0.11,0.014,5.098,-5.098,5.098,-5.098,5.098,-5.098,1.328,0.46,-0.04,3.693,3.979,3.634,0.183,1.0,0.426,0.745,-0.241,0.531,0.183,1.0,0.426,0.745,0.0,0.531,3.0,0.0,3.0,0.0,3.0,0.0,1.0,0.0,1.0,0.0,1.0,0.0,1.903,-0.252,0.249,3.312,4.593,3.293,-0.33,-2.733,-2.024,0.964,2.353,0.974,4.136,2.228,2.522,5.661,6.833,5.612,0.319,0.7,0.407,0.617,0.309,0.607,0.487,2.228,-0.087,4.463,2.353,3.437,1.319,1.187,1.295,1.254,1.314,1.27
145,144,16.239,0.11,0.012,5.1,-5.1,5.1,-5.1,5.1,-5.1,1.658,0.24,0.29,3.473,4.309,3.414,0.151,0.978,0.296,0.694,0.021,0.703,0.151,0.978,0.296,0.694,0.021,0.703,3.0,0.0,3.0,0.0,3.0,0.0,1.0,0.0,1.0,0.0,1.0,0.0,1.903,-0.252,0.249,3.312,4.593,3.293,-0.33,-2.733,-2.024,0.964,2.353,0.974,4.136,2.228,2.522,5.661,6.833,5.612,0.42,0.642,0.513,0.55,0.408,0.538,0.344,2.119,-0.678,4.224,2.447,4.235,1.319,1.187,1.295,1.254,1.314,1.27
146,145,16.351,0.11,0.012,5.1,-5.1,5.1,-5.1,5.1,-5.1,1.988,0.02,0.62,3.253,4.639,3.194,0.28,0.914,0.556,0.684,0.028,0.633,0.28,0.914,0.556,0.684,0.028,0.633,3.0,0.0,3.0,0.0,3.0,0.0,1.0,0.0,1.0,0.0,1.0,0.0,1.903,-0.252,0.249,3.312,4.593,3.293,-0.33,-2.733,-2.024,0.964,2.353,0.974,4.136,2.228,2.522,5.661,6.833,5.612,0.528,0.58,0.618,0.481,0.515,0.469,0.92,1.801,0.504,4.177,2.478,3.91,1.319,1.187,1.295,1.254,1.314,1.27
147,146,16.463,0.11,0.016,5.1,-5.1,5.1,-5.1,5.1,-5.1,2.318,-0.2,0.95,3.033,4.969,2.974,0.419,0.863,0.593,0.602,0.234,0.563,0.419,0.863,0.593,0.602,0.234,0.563,3.0,0.0,3.0,0.0,3.0,0.0,1.0,0.0,1.0,0.0,1.0,0.0,1.903,-0.252,0.249,3.312,4.593,3.293,-0.33,-2.733,-2.024,0.964,2.353,0.974,4.136,2.228,2.522,5.661,6.833,5.612,0.633,0.516,0.713,0.413,0.621,0.4,1.541,1.548,0.672,3.792,3.401,3.585,1.319,1.187,1.295,1.254,1.314,1.27
148,147,16.575,0.11,0.013,5.1,-5.1,5.1,-5.1,5.1,-5.1,2.648,-0.42,1.28,2.813,5.299,2.754,0.645,1.086,1.185,0.306,0.207,0.32,0.645,1.0,1.0,0.306,0.207,0.32,3.0,0.0,3.0,0.0,2.999,0.0,1.0,0.0,1.0,0.0,1.0,0.0,1.903,-0.252,0.249,3.312,4.593,3.293,-0.33,-2.733,-2.024,0.964,2.353,0.974,4.136,2.228,2.522,5.661,6.833,5.612,0.728,0.45,0.792,0.348,0.717,0.335,2.551,2.228,2.522,2.401,3.28,2.458,1.319,1.187,1.295,1.254,1.314,1.27
149,148,16.687,0.11,0.014,5.1,-5.1,5.1,-5.1,5.1,-5.1,2.978,-0.64,1.61,2.593,5.629,2.534,0.57,0.914,1.056,0.265,0.276,0.281,0.57,0.914,1.0,0.265,0.276,0.281,3.0,0.0,3.0,0.0,3.0,0.0,1.0,0.0,1.0,0.0,0.999,0.0,1.903,-0.252,0.249,3.312,4.593,3.293,-0.33,-2.733,-2.024,0.964,2.353,0.974,4.136,2.228,2.522,5.661,6.833,5.612,0.805,0.387,0.854,0.289,0.796,0.276,2.216,1.801,2.522,2.209,3.589,2.277,1.319,1.187,1.295,1.254,1.314,1.27
150,149,16.799,0.11,0.012,5.099,-5.099,5.099,-5.099,5.099,-5.099,3.308,-0.86,1.939,2.373,5.934,2.314,0.828,0.906,1.241,0.398,0.476,0.367,0.828,0.906,1.0,0.398,0.476,0.367,3.0,0.0,3.0,0.0,2.998,0.0,1.0,0.0,1.0,0.0,0.956,0.0,1.903,-0.252,0.249,3.312,4.593,3.293,-0.33,-2.733,-2.024,0.964,2.353,0.974,4.136,2.228,2.522,5.661,6.833,5.612,0.864,0.327,0.899,0.235,0.854,0.224,3.368,1.762,2.522,2.833,4.485,2.676,1.319,1.187,1.295,1.254,1.314,1.27
151,150,16.912,0.11,0.01,5.035,-5.035,5.035,-5.035,5.035,-5.035,3.632,-1.08,1.745,2.153,6.231,2.094,1.0,0.957,1.685,0.173,0.476,0.016,1.0,0.957,1.0,0.173,0.476,0.016,2.999,0.0,3.0,0.0,2.867,0.0,0.989,0.0,1.0,0.0,0.94,0.0,1.903,-0.252,-0.042,3.312,4.593,3.293,-0.33,-2.733,-2.024,0.964,2.353,0.974,4.136,2.228,1.939,5.661,6.833,5.612,0.907,0.272,0.934,0.189,0.896,0.179,4.136,2.015,2.522,1.777,4.485,1.048,1.319,1.187,1.486,1.254,1.314,1.27
152,151,17.023,0.11,0.013,3.617,-3.617,3.617,-3.617,3.617,-3.617,3.428,-1.3,1.657,1.933,6.011,1.874,1.043,0.878,1.481,0.245,0.69,0.219,1.0,0.878,1.0,0.245,0.69,0.219,2.967,0.0,3.0,0.0,2.819,0.0,0.069,0.0,1.0,0.0,0.0,0.0,1.651,-0.252,-0.042,3.312,4.292,3.293,-0.33,-2.733,-2.024,0.964,2.353,0.974,3.632,2.228,1.939,5.661,6.231,5.612,0.933,0.224,0.926,0.151,0.932,0.142,4.136,1.623,1.939,2.115,5.444,1.99,1.486,1.187,1.486,1.254,1.519,1.27
153,152,17.135,0.11,0.007,0.942,-0.942,0.942,-0.942,0.942,-0.942,3.208,-1.52,1.437,1.713,5.791,1.655,1.409,1.007,1.963,0.0,0.607,-0.031,1.0,1.0,1.0,0.0,0.607,0.0,0.208,0.0,2.999,0.0,0.0,0.0,0.0,0.0,0.007,0.0,0.0,0.0,1.651,-0.252,-0.042,3.312,4.292,3.293,-0.33,-2.733,-2.024,0.964,2.353,0.974,3.632,2.228,1.939,5.661,6.231,5.612,0.91,0.182,0.9,0.119,0.907,0.111,3.632,2.228,1.939,0.964,4.707,0.974,1.486,1.187,1.486,1.254,1.519,1.27
154,153,17.249,0.112,0.009,0.13,-0.13,0.13,-0.13,0.13,-0.13,2.984,-1.744,1.213,1.493,5.567,1.484,1.355,0.914,2.167,-0.02,0.634,-0.141,1.0,0.914,1.0,0.0,0.634,0.0,0.0,0.0,0.02,0.0,0.0,0.0,0.0,0.0,0.0,0.004,0.0,0.004,1.651,-0.252,-0.042,3.312,4.292,3.293,-0.33,-2.733,-2.024,0.964,2.353,0.974,3.632,2.228,1.939,5.661,6.231,5.612,0.879,0.145,0.866,0.093,0.874,0.091,3.632,1.801,1.939,0.964,4.812,0.974,1.486,1.187,1.486,1.254,1.519,1.27
155,154,17.361,0.11,0.015,-0.126,0.126,-0.126,0.126,-0.126,0.126,2.764,-1.962,0.993,1.284,5.347,1.275,1.301,0.827,1.778,-0.01,0.697,-0.016,1.0,0.827,1.0,0.0,0.697,0.0,0.0,0.0,0.0,0.013,0.0,0.012,0.0,0.002,0.0,0.015,0.0,0.014,1.651,-0.252,-0.042,3.312,4.292,3.293,-0.33,-2.733,-2.024,0.964,2.353,0.974,3.632,2.228,1.939,5.661,6.231,5.612,0.839,0.116,0.823,0.073,0.832,0.072,3.632,1.37,1.939,0.964,5.056,0.974,1.486,1.187,1.486,1.254,1.519,1.27
156,155,17.474,0.111,0.003,-0.078,0.078,-0.078,0.078,-0.078,0.078,2.542,-2.184,0.771,1.229,5.125,1.312,1.495,0.957,2.222,-0.153,0.566,-0.188,1.0,0.957,1.0,0.0,0.566,0.0,0.0,0.006,0.0,0.045,0.0,0.043,0.0,0.0,0.0,0.012,0.0,0.011,1.651,-0.252,-0.042,3.312,4.292,3.444,-0.33,-2.733,-2.024,0.964,2.353,1.275,3.632,2.228,1.939,5.661,6.231,5.612,0.79,0.092,0.77,0.068,0.78,0.052,3.632,2.015,1.939,0.964,4.548,0.974,1.486,1.187,1.486,1.254,1.519,1.358
157,156,17.589,0.111,0.01,-1.129,1.129,-1.129,1.129,-1.129,1.129,2.32,-2.406,0.549,1.562,4.903,1.645,1.516,1.137,2.278,-0.316,0.538,-0.375,1.0,1.0,1.0,0.0,0.538,0.0,0.0,0.0,0.0,0.035,0.0,0.034,0.0,0.004,0.0,0.695,0.0,0.325,1.651,-0.252,-0.042,3.445,4.292,3.444,-0.33,-2.733,-2.024,1.229,2.353,1.275,3.632,2.228,1.939,5.661,6.231,5.612,0.73,0.072,0.707,0.076,0.717,0.08,3.632,2.228,1.939,0.964,4.439,1.275,1.486,1.187,1.486,1.329,1.519,1.358
158,157,17.701,0.11,0.014,-3.05,3.05,-3.05,3.05,-3.05,3.05,2.1,-2.076,0.329,1.892,4.683,1.975,1.258,0.748,1.685,-0.133,0.517,-0.172,1.0,0.748,1.0,0.0,0.517,0.0,0.0,0.012,0.0,2.086,0.0,0.976,0.0,1.0,0.0,1.0,0.0,1.0,1.651,-0.089,-0.042,3.445,4.292,3.444,-0.33,-2.406,-2.024,1.229,2.353,1.275,3.632,2.228,1.939,5.661,6.231,5.612,0.661,0.074,0.635,0.113,0.644,0.12,3.632,0.978,1.939,1.229,4.358,1.275,1.486,1.271,1.486,1.329,1.519,1.358
159,158,17.813,0.11,0.012,-4.784,4.784,-4.784,4.784,-4.784,4.784,1.88,-1.746,0.109,2.222,4.463,2.305,1.086,0.597,1.463,-0.133,0.517,-0.055,1.0,0.597,1.0,0.0,0.517,0.0,0.0,3.0,0.0,3.0,0.0,3.0,0.0,1.0,0.0,1.0,0.0,1.0,1.651,-0.089,-0.042,3.445,4.292,3.444,-0.33,-2.406,-2.024,1.229,2.353,1.275,3.632,2.228,1.939,5.661,6.231,5.612,0.584,0.109,0.556,0.165,0.565,0.176,3.632,0.36,1.939,1.229,4.358,1.275,1.486,1.271,1.486,1.329,1.519,1.358
160,159,17.928,0.11,0.018,-5.051,5.051,-5.051,5.051,-5.051,5.051,1.66,-1.416,-0.111,2.552,4.243,2.635,1.0,0.568,1.333,-0.143,0.441,-0.078,1.0,0.568,1.0,0.0,0.441,0.0,0.0,3.0,0.0,3.0,0.0,3.0,0.0,1.0,0.0,1.0,0.0,1.0,1.651,-0.089,-0.042,3.445,4.292,3.444,-0.33,-2.406,-2.024,1.229,2.353,1.275,3.632,2.228,1.939,5.661,6.231,5.612,0.503,0.156,0.475,0.234,0.481,0.25,3.632,0.226,1.939,1.229,4.063,1.275,1.486,1.271,1.486,1.329,1.519,1.358
161,160,18.039,0.11,0.012,-5.093,5.093,-5.093,5.093,-5.093,5.093,1.44,-1.086,-0.331,2.882,4.023,2.965,0.828,0.209,0.981,0.071,0.31,0.063,0.828,0.209,0.981,0.071,0.31,0.063,0.0,3.0,0.0,3.0,0.0,3.0,0.0,1.0,0.0,1.0,0.0,1.0,1.651,-0.089,-0.042,3.445,4.292,3.444,-0.33,-2.406,-2.024,1.229,2.353,1.275,3.632,2.228,1.939,5.661,6.231,5.612,0.422,0.22,0.394,0.321,0.399,0.343,2.951,-1.437,1.864,1.544,3.555,1.548,1.486,1.271,1.486,1.329,1.519,1.358
162,161,18.152,0.11,0.011,-5.099,5.099,-5.099,5.099,-5.099,5.099,1.22,-0.756,-0.551,3.212,3.803,3.295,0.828,0.216,0.852,0.092,0.4,0.148,0.828,0.216,0.852,0.092,0.4,0.148,0.0,3.0,0.0,3.0,0.0,3.0,0.0,1.0,0.0,1.0,0.0,1.0,1.651,-0.089,-0.042,3.445,4.292,3.444,-0.33,-2.406,-2.024,1.229,2.353,1.275,3.632,2.228,1.939,5.661,6.231,5.612,0.345,0.3,0.32,0.423,0.322,0.45,2.951,-1.405,1.352,1.637,3.904,1.917,1.486,1.271,1.486,1.329,1.519,1.358
163,162,18.263,0.11,0.015,-5.1,5.1,-5.1,5.1,-5.1,5.1,1.0,-0.426,-0.771,3.542,3.583,3.625,0.817,0.331,1.352,0.041,0.331,-0.055,0.817,0.331,1.0,0.041,0.331,0.0,0.0,3.0,0.0,3.0,0.0,3.0,0.0,1.0,0.0,1.0,0.0,1.0,1.651,-0.089,-0.042,3.445,4.292,3.444,-0.33,-2.406,-2.024,1.229,2.353,1.275,3.632,2.228,1.939,5.661,6.231,5.612,0.275,0.395,0.253,0.532,0.254,0.561,2.907,-0.872,1.939,1.411,3.637,1.275,1.486,1.271,1.486,1.329,1.519,1.358
164,163,18.375,0.111,0.005,-5.1,5.1,-5.1,5.1,-5.1,5.1,0.778,-0.093,-0.993,3.875,3.361,3.958,0.742,0.324,0.759,0.296,0.324,0.281,0.742,0.324,0.759,0.296,0.324,0.281,0.0,3.0,0.0,3.0,0.0,3.0,0.0,1.0,0.0,1.0,0.0,1.0,1.651,-0.089,-0.042,3.445,4.292,3.444,-0.33,-2.406,-2.024,1.229,2.353,1.275,3.632,2.228,1.939,5.661,6.231,5.612,0.215,0.499,0.196,0.639,0.196,0.668,2.61,-0.905,0.984,2.541,3.609,2.494,1.486,1.271,1.486,1.329,1.519,1.358
165,164,18.489,0.111,0.011,-5.1,5.1,-5.1,5.1,-5.1,5.1,0.556,0.24,-1.215,4.208,3.139,4.291,0.677,0.604,1.056,0.153,0.131,0.242,0.677,0.604,1.0,0.153,0.131,0.242,0.0,3.0,0.0,3.0,0.0,3.0,0.0,1.0,0.0,1.0,0.0,1.0,1.651,-0.089,-0.042,3.445,4.292,3.444,-0.33,-2.406,-2.024,1.229,2.353,1.275,3.632,2.228,1.939,5.661,6.231,5.612,0.164,0.603,0.149,0.734,0.148,0.76,2.352,0.393,1.939,1.907,2.861,2.325,1.486,1.271,1.486,1.329,1.519,1.358
166,165,18.6,0.11,0.014,-5.1,5.1,-5.1,5.1,-5.1,5.1,0.336,0.57,-1.435,4.538,2.919,4.621,0.473,0.655,0.648,0.418,0.172,0.461,0.473,0.655,0.648,0.418,0.172,0.461,0.0,3.0,0.0,3.0,0.0,3.0,0.0,1.0,0.0,1.0,0.0,1.0,1.651,-0.089,-0.042,3.445,4.292,3.444,-0.33,-2.406,-2.024,1.229,2.353,1.275,3.632,2.228,1.939,5.661,6.231,5.612,0.124,0.698,0.112,0.81,0.111,0.832,1.544,0.629,0.544,3.082,3.02,3.274,1.486,1.271,1.486,1.329,1.519,1.358
167,166,18.714,0.111,0.012,-5.1,5.1,-5.1,5.1,-5.1,5.1,0.114,0.903,-1.657,4.871,2.697,4.954,0.57,0.835,0.944,0.439,-0.434,0.461,0.57,0.835,0.944,0.439,0.0,0.461,0.0,3.0,0.0,3.0,0.0,3.0,0.0,1.0,0.0,1.0,0.0,1.0,1.651,-0.089,-0.042,3.445,4.292,3.444,-0.33,-2.406,-2.024,1.229,2.353,1.275,3.632,2.228,1.939,5.661,6.231,5.612,0.092,0.779,0.083,0.869,0.082,0.886,1.928,1.463,1.717,3.175,2.353,3.274,1.486,1.271,1.486,1.329,1.519,1.358
168,167,18.827,0.11,0.012,-5.1,5.1,-5.1,5.1,-5.1,5.1,-0.106,1.233,-1.877,5.201,2.477,5.284,0.624,1.137,1.074,0.388,-0.476,0.445,0.624,1.0,1.0,0.388,0.0,0.445,0.0,3.0,0.0,3.0,0.0,3.0,0.0,1.0,0.0,1.0,0.0,1.0,1.651,-0.089,-0.042,3.445,4.292,3.444,-0.33,-2.406,-2.024,1.229,2.353,1.275,3.632,2.228,1.939,5.661,6.231,5.612,0.068,0.843,0.061,0.912,0.06,0.924,2.142,2.228,1.939,2.949,2.353,3.205,1.486,1.271,1.486,1.329,1.519,1.358
169,168,18.939,0.11,0.011,-5.1,5.1,-5.1,5.1,-5.1,5.1,-0.326,1.563,-2.097,5.53,2.257,5.611,0.43,1.029,0.426,0.602,-0.31,0.633,0.43,1.0,0.426,0.602,0.0,0.633,0.0,3.0,0.0,3.0,0.0,3.0,0.0,1.0,0.0,0.998,0.0,0.995,1.651,-0.089,-0.079,3.445,4.244,3.444,-0.33,-2.406,-2.097,1.229,2.257,1.275,3.632,2.228,1.939,5.661,6.231,5.612,0.05,0.891,0.05,0.941,0.05,0.95,1.374,2.228,-0.336,3.897,2.353,4.02,1.486,1.271,1.459,1.329,1.482,1.358
170,169,19.052,0.11,0.011,-5.09,5.09,-5.09,5.09,-5.09,5.09,-0.546,1.892,-2.317,5.86,2.037,5.941,0.581,1.302,0.796,0.49,-0.469,0.359,0.581,1.0,0.796,0.49,0.0,0.359,0.0,3.0,0.0,2.993,0.0,2.986,0.0,1.0,0.0,1.0,0.0,1.0,1.543,-0.089,-0.189,3.544,4.134,3.608,-0.546,-2.406,-2.317,1.229,2.037,1.275,3.632,2.228,1.939,5.86,6.231,5.941,0.05,0.925,0.05,0.95,0.05,0.95,1.972,2.228,1.116,3.401,2.257,2.832,1.409,1.271,1.384,1.272,1.404,1.262
171,170,19.167,0.11,0.013,-5.097,5.097,-5.097,5.097,-5.097,5.097,-0.766,2.22,-2.537,6.19,1.817,6.271,0.624,1.388,1.148,0.367,-0.572,0.508,0.624,1.0,1.0,0.367,0.0,0.508,0.0,3.0,0.0,2.999,0.0,3.0,0.0,1.0,0.0,1.0,0.0,0.999,1.433,-0.089,-0.299,3.71,4.024,3.773,-0.766,-2.406,-2.537,1.229,1.817,1.275,3.632,2.228,1.939,6.19,6.231,6.271,0.05,0.95,0.05,0.95,0.05,0.95,2.061,2.228,1.939,2.929,2.037,3.645,1.339,1.271,1.316,1.187,1.334,1.179
172,171,19.279,0.11,0.011,-5.092,5.092,-5.092,5.092,-5.092,5.092,-0.986,2.55,-2.757,6.49,1.597,6.551,0.409,1.23,0.481,0.663,-0.379,0.672,0.409,1.0,0.481,0.663,0.0,0.672,0.0,3.0,0.0,3.0,0.0,2.998,0.0,1.0,0.0,0.946,0.0,0.909,1.323,0.072,-0.409,3.86,3.914,3.913,-0.986,-2.406,-2.757,1.229,1.597,1.275,3.632,2.55,1.939,6.49,6.231,6.551,0.05,0.95,0.05,0.95,0.05,0.95,1.033,2.228,-0.384,4.518,1.817,4.632,1.275,1.188,1.254,1.119,1.271,1.116
173,172,19.393,0.111,0.011,-4.888,4.888,-4.888,4.888,-4.888,4.888,-1.208,2.85,-2.979,6.821,1.375,6.878,0.667,1.36,0.833,0.469,-0.483,0.516,0.667,1.0,0.833,0.469,0.0,0.516,0.0,3.0,0.0,2.839,0.0,2.726,0.0,1.0,0.0,0.997,0.0,0.988,1.212,0.222,-0.52,4.025,3.803,4.077,-1.208,-2.406,-2.979,1.229,1.375,1.275,3.632,2.85,1.939,6.821,6.231,6.878,0.05,0.95,0.05,0.95,0.05,0.95,2.094,2.55,1.155,3.696,1.597,3.997,1.217,1.12,1.197,1.053,1.213,1.051
174,173,19.508,0.11,0.014,-4.963,4.963,-4.963,4.963,-4.963,4.963,-1.428,2.681,-3.199,7.136,1.155,7.205,0.71,1.489,1.074,0.541,-0.441,0.469,0.71,1.0,1.0,0.541,0.0,0.469,0.0,3.0,0.0,2.992,0.0,2.965,0.0,1.0,0.0,0.972,0.0,0.995,1.102,0.222,-0.63,4.182,3.693,4.24,-1.428,-2.406,-3.199,1.229,1.155,1.275,3.632,2.85,1.939,7.136,6.231,7.205,0.05,0.94,0.05,0.95,0.05,0.95,2.228,2.85,1.939,4.254,1.375,3.903,1.164,1.12,1.146,0.997,1.16,0.993
175,174,19.619,0.11,0.011,-3.725,3.725,-3.725,3.725,-3.725,3.725,-1.648,2.479,-3.419,6.917,0.935,6.986,0.366,1.295,0.426,0.633,-0.331,0.625,0.366,1.0,0.426,0.633,0.0,0.625,0.0,3.0,0.0,2.916,0.0,2.985,0.0,0.988,0.0,0.002,0.0,0.002,0.992,0.222,-0.74,4.182,3.583,4.24,-1.648,-2.406,-3.419,1.229,0.935,1.275,3.632,2.85,1.939,7.136,6.231,7.205,0.05,0.926,0.05,0.939,0.05,0.939,0.424,2.85,-1.01,4.968,1.155,4.981,1.115,1.12,1.099,0.997,1.112,0.993
176,175,19.734,0.112,0.011,-0.57,0.57,-0.57,0.57,-0.57,0.57,-1.872,2.255,-3.642,6.693,1.27,6.762,0.484,1.396,0.833,0.561,-0.524,0.539,0.484,1.0,0.833,0.561,0.0,0.539,0.0,2.963,0.0,0.006,0.0,0.006,0.001,0.0,0.0,0.0,0.001,0.0,0.88,0.222,-0.851,4.182,3.583,4.24,-1.872,-2.406,-3.642,1.229,0.935,1.275,3.632,2.85,1.939,7.136,6.231,7.205,0.05,0.907,0.05,0.924,0.071,0.924,0.908,2.85,1.044,4.543,0.935,4.471,1.07,1.12,1.055,0.997,1.112,0.993
177,176,19.847,0.11,0.01,1.35,-1.35,1.35,-1.35,1.35,-1.35,-2.085,2.035,-3.862,6.473,1.6,6.542,0.742,1.568,1.148,0.378,-0.586,0.438,0.742,1.0,1.0,0.378,0.0,0.438,0.002,0.0,0.001,0.0,0.002,0.0,0.013,0.0,0.05,0.0,0.888,0.0,0.774,0.222,-0.962,4.182,3.583,4.24,-2.085,-2.406,-3.862,1.229,0.935,1.275,3.632,2.85,1.939,7.136,6.231,7.205,0.05,0.884,0.05,0.907,0.099,0.908,2.212,2.85,1.939,3.462,0.935,3.872,1.03,1.12,1.015,0.997,1.112,0.993
178,177,19.959,0.11,0.012,1.666,-1.666,1.666,-1.666,1.666,-1.666,-1.756,1.815,-3.532,6.253,1.93,6.322,0.441,1.259,0.5,0.684,-0.421,0.617,0.441,1.0,0.5,0.684,0.0,0.617,0.04,0.0,0.15,0.0,2.665,0.0,0.998,0.0,1.0,0.0,0.975,0.0,0.774,0.222,-0.962,4.182,3.583,4.24,-2.085,-2.406,-3.862,1.229,0.935,1.275,3.632,2.85,1.939,7.136,6.231,7.205,0.069,0.856,0.069,0.887,0.137,0.888,0.436,2.85,-0.962,5.269,0.935,4.934,1.03,1.12,1.015,0.997,1.112,0.993
179,178,20.072,0.11,0.012,4.569,-4.569,4.569,-4.569,4.569,-4.569,-1.426,1.595,-3.202,6.033,2.26,6.102,0.387,1.367,0.519,0.531,-0.11,0.664,0.387,1.0,0.519,0.531,0.0,0.664,2.994,0.0,3.0,0.0,2.924,0.0,1.0,0.0,1.0,0.0,1.0,0.0,0.774,0.222,-0.962,4.182,3.583,4.24,-2.085,-2.406,-3.862,1.229,0.935,1.275,3.632,2.85,1.939,7.136,6.231,7.205,0.094,0.823,0.093,0.864,0.187,0.864,0.127,2.85,-0.851,4.366,0.935,5.213,1.03,1.12,1.015,0.997,1.112,0.993
180,179,20.186,0.11,0.016,5.018,-5.018,5.018,-5.018,5.018,-5.018,-1.096,1.375,-2.872,5.813,2.59,5.882,0.538,1.417,0.759,0.592,-0.386,0.391,0.538,1.0,0.759,0.592,0.0,0.391,3.0,0.0,3.0,0.0,3.0,0.0,1.0,0.0,1.0,0.0,1.0,0.0,0.774,0.222,-0.962,4.182,3.583,4.24,-2.085,-2.406,-3.862,1.229,0.935,1.275,3.632,2.85,1.939,7.136,6.231,7.205,0.127,0.784,0.126,0.836,0.249,0.836,0.991,2.85,0.541,4.726,0.935,3.594,1.03,1.12,1.015,0.997,1.112,0.993
181,180,20.298,0.11,0.011,5.087,-5.087,5.087,-5.087,5.087,-5.087,-0.766,1.155,-2.542,5.593,2.92,5.662,0.151,1.065,0.093,0.796,-0.048,0.75,0.151,1.0,0.093,0.796,0.0,0.75,3.0,0.0,3.0,0.0,3.0,0.0,1.0,0.0,1.0,0.0,1.0,0.0,0.774,0.222,-0.962,4.182,3.583,4.24,-2.085,-2.406,-3.862,1.229,0.935,1.275,3.632,2.85,1.939,7.136,6.231,7.205,0.17,0.74,0.167,0.803,0.324,0.804,-1.222,2.85,-3.323,5.931,0.935,5.722,1.03,1.12,1.015,0.997,1.112,0.993
182,181,20.411,0.11,0.011,5.098,-5.098,5.098,-5.098,5.098,-5.098,-0.436,0.935,-2.212,5.373,3.25,5.442,0.151,1.122,0.037,0.776,0.014,0.703,0.151,1.0,0.037,0.776,0.014,0.703,3.0,0.0,3.0,0.0,3.0,0.0,1.0,0.0,1.0,0.0,1.0,0.0,0.774,0.222,-0.962,4.182,3.583,4.24,-2.085,-2.406,-3.862,1.229,0.935,1.275,3.632,2.85,1.939,7.136,6.231,7.205,0.223,0.69,0.219,0.766,0.408,0.767,-1.222,2.85,-3.647,5.813,1.009,5.444,1.03,1.12,1.015,0.997,1.112,0.993
183,182,20.522,0.11,0.015,5.1,-5.1,5.1,-5.1,5.1,-5.1,-0.106,0.715,-1.882,5.153,3.58,5.222,0.14,1.029,0.13,0.755,0.062,0.734,0.14,1.0,0.13,0.755,0.062,0.734,3.0,0.0,3.0,0.0,3.0,0.0,1.0,0.0,1.0,0.0,1.0,0.0,0.774,0.222,-0.962,4.182,3.583,4.24,-2.085,-2.406,-3.862,1.229,0.935,1.275,3.632,2.85,1.939,7.136,6.231,7.205,0.288,0.635,0.282,0.725,0.499,0.726,-1.285,2.85,-3.108,5.689,1.263,5.628,1.03,1.12,1.015,0.997,1.112,0.993
184,183,20.634,0.11,0.013,5.1,-5.1,5.1,-5.1,5.1,-5.1,0.224,0.495,-1.552,4.933,3.91,5.002,0.194,0.95,0.185,0.684,0.193,0.688,0.194,0.95,0.185,0.684,0.193,0.688,3.0,0.0,3.0,0.0,3.0,0.0,1.0,0.0,1.0,0.0,1.0,0.0,0.774,0.222,-0.962,4.182,3.583,4.24,-2.085,-2.406,-3.862,1.229,0.935,1.275,3.632,2.85,1.939,7.136,6.231,7.205,0.362,0.576,0.354,0.679,0.59,0.681,-0.976,2.587,-2.789,5.269,1.957,5.355,1.03,1.12,1.015,0.997,1.112,0.993
185,184,20.747,0.11,0.018,5.1,-5.1,5.1,-5.1,5.1,-5.1,0.554,0.275,-1.222,4.713,4.24,4.782,0.194,0.971,0.611,0.602,0.062,0.563,0.194,0.971,0.611,0.602,0.062,0.563,3.0,0.0,3.0,0.0,3.0,0.0,1.0,0.0,1.0,0.0,1.0,0.0,0.774,0.222,-0.962,4.182,3.583,4.24,-2.085,-2.406,-3.862,1.229,0.935,1.275,3.632,2.85,1.939,7.136,6.231,7.205,0.444,0.515,0.434,0.629,0.675,0.631,-0.976,2.698,-0.318,4.785,1.263,4.614,1.03,1.12,1.015,0.997,1.112,0.993
186,185,20.859,0.11,0.012,5.1,-5.1,5.1,-5.1,5.1,-5.1,0.884,0.055,-0.892,4.493,4.57,4.562,0.366,0.906,0.407,0.673,0.324,0.703,0.366,0.906,0.407,0.673,0.324,0.703,3.0,0.0,3.0,0.0,3.0,0.0,1.0,0.0,1.0,0.0,1.0,0.0,0.774,0.222,-0.962,4.182,3.583,4.24,-2.085,-2.406,-3.862,1.229,0.935,1.275,3.632,2.85,1.939,7.136,6.231,7.205,0.528,0.453,0.518,0.577,0.75,0.579,0.007,2.356,-1.501,5.204,2.651,5.444,1.03,1.12,1.015,0.997,1.112,0.993
187,186,20.974,0.112,0.013,5.1,-5.1,5.1,-5.1,5.1,-5.1,1.22,-0.169,-0.556,4.269,4.906,4.338,0.624,0.863,0.593,0.592,0.469,0.609,0.624,0.863,0.593,0.592,0.469,0.609,3.0,0.0,3.0,0.0,3.0,0.0,1.0,0.0,1.0,0.0,1.0,0.0,0.774,0.222,-0.962,4.182,3.583,4.24,-2.085,-2.406,-3.862,1.229,0.935,1.275,3.632,2.85,1.939,7.136,6.231,7.205,0.613,0.392,0.601,0.522,0.813,0.524,1.482,2.13,-0.422,4.726,3.419,4.886,1.03,1.12,1.015,0.997,1.112,0.993
188,187,21.088,0.111,0.018,5.1,-5.1,5.1,-5.1,5.1,-5.1,1.553,-0.391,-0.223,4.047,5.239,4.116,0.624,0.827,1.278,0.367,0.455,0.375,0.624,0.827,1.0,0.367,0.455,0.375,3.0,0.0,3.0,0.0,2.999,0.0,1.0,0.0,1.0,0.0,1.0,0.0,0.774,0.222,-0.962,4.182,3.583,4.24,-2.085,-2.406,-3.862,1.229,0.935,1.275,3.632,2.85,1.939,7.136,6.231,7.205,0.691,0.335,0.679,0.466,0.863,0.469,1.482,1.941,1.939,3.397,3.345,3.499,1.03,1.12,1.015,0.997,1.112,0.993
189,188,21.199,0.11,0.011,5.099,-5.099,5.099,-5.099,5.099,-5.099,1.883,-0.611,0.107,3.827,5.566,3.896,0.71,0.791,0.926,0.52,0.593,0.547,0.71,0.791,0.926,0.52,0.593,0.547,3.0,0.0,3.0,0.0,3.0,0.0,1.0,0.0,1.0,0.0,0.994,0.0,0.774,0.222,-0.962,4.182,3.583,4.24,-2.085,-2.406,-3.862,1.229,0.935,1.275,3.632,2.85,1.939,7.136,6.231,7.205,0.758,0.282,0.747,0.412,0.901,0.415,1.974,1.751,1.51,4.301,4.076,4.519,1.03,1.12,1.015,0.997,1.112,0.993
190,189,21.313,0.111,0.012,5.091,-5.091,5.091,-5.091,5.091,-5.091,2.215,-0.833,-0.047,3.605,5.898,3.674,1.022,0.914,1.611,0.316,0.545,0.359,1.0,0.914,1.0,0.316,0.545,0.359,3.0,0.0,3.0,0.0,2.982,0.0,0.999,0.0,1.0,0.0,0.998,0.0,0.774,0.222,-1.878,4.182,3.583,4.24,-2.085,-2.406,-3.862,1.229,0.935,1.275,3.632,2.85,0.107,7.136,6.231,7.205,0.815,0.235,0.938,0.36,0.929,0.363,3.632,2.398,1.939,3.096,3.821,3.404,1.03,1.12,1.484,0.997,1.112,0.993
191,190,21.427,0.111,0.015,3.821,-3.821,3.821,-3.821,3.821,-3.821,2.474,-1.055,0.286,3.383,5.766,3.452,0.968,0.878,1.315,0.224,0.607,0.203,0.968,0.878,1.0,0.224,0.607,0.203,2.998,0.0,3.0,0.0,2.995,0.0,0.865,0.0,1.0,0.0,0.162,0.0,0.774,0.222,0.12,4.182,3.416,4.24,-2.085,-2.406,-0.047,1.229,0.935,1.275,3.632,2.85,0.286,7.136,5.898,7.205,0.852,0.193,0.95,0.311,0.942,0.314,3.449,2.209,0.107,2.552,4.15,2.479,1.03,1.12,17.684,0.997,1.187,0.993
192,191,21.539,0.11,0.012,3.505,-3.505,3.505,-3.505,3.505,-3.505,2.278,-1.275,0.616,3.163,5.548,3.232,1.086,0.799,1.593,0.347,0.738,0.234,1.0,0.799,1.0,0.347,0.738,0.234,2.596,0.0,3.0,0.0,0.486,0.0,0.346,0.0,1.0,0.0,0.004,0.0,0.195,0.222,0.284,4.182,3.416,4.24,-2.085,-2.406,-0.047,1.229,0.935,1.275,2.474,2.85,0.616,7.136,5.898,7.205,0.937,0.157,0.95,0.266,0.926,0.269,3.632,1.794,0.286,3.279,4.598,2.663,1.292,1.12,8.882,0.997,1.187,0.993
193,192,21.653,0.112,0.011,2.019,-2.019,2.019,-2.019,2.019,-2.019,2.054,-1.499,0.921,2.939,5.324,3.008,1.344,0.835,2.259,0.112,0.621,-0.031,1.0,0.835,1.0,0.112,0.621,0.0,1.039,0.0,3.0,0.0,0.013,0.0,0.093,0.0,0.999,0.0,0.0,0.0,0.195,0.222,0.437,4.182,3.416,4.24,-2.085,-2.406,-0.047,1.229,0.935,1.275,2.474,2.85,0.921,7.136,5.898,7.205,0.917,0.127,0.95,0.224,0.906,0.227,2.474,1.983,0.616,1.891,4.017,1.275,1.292,1.12,6.084,0.997,1.187,0.993
194,193,21.767,0.111,0.009,1.667,-1.667,1.667,-1.667,1.667,-1.667,1.832,-1.721,0.959,2.717,5.102,2.786,1.204,0.59,1.796,0.031,0.621,0.031,1.0,0.59,1.0,0.031,0.621,0.031,0.28,0.0,2.997,0.0,0.0,0.0,0.017,0.0,0.977,0.0,0.0,0.0,0.195,0.222,0.456,4.182,3.416,4.24,-2.085,-2.406,-0.047,1.229,0.935,1.275,2.474,2.85,0.959,7.136,5.898,7.205,0.892,0.102,0.95,0.188,0.881,0.191,2.474,0.695,0.921,1.412,4.017,1.459,1.292,1.12,5.854,0.997,1.187,0.993
195,194,21.879,0.11,0.01,0.931,-0.931,0.931,-0.931,0.931,-0.931,1.612,-1.941,0.741,2.497,4.882,2.566,1.323,0.676,2.167,0.133,0.641,-0.008,1.0,0.676,1.0,0.133,0.641,0.0,0.052,0.0,2.93,0.0,0.0,0.0,0.0,0.0,0.465,0.0,0.0,0.0,0.195,0.222,0.456,4.182,3.416,4.24,-2.085,-2.406,-0.047,1.229,0.935,1.275,2.474,2.85,0.959,7.136,5.898,7.205,0.862,0.081,0.841,0.157,0.851,0.159,2.474,1.147,0.959,2.015,4.116,1.275,1.292,1.12,5.854,0.997,1.187,0.993
196,195,21.992,0.11,0.01,0.147,-0.147,0.147,-0.147,0.147,-0.147,1.392,-2.161,0.521,2.278,4.662,2.355,1.387,0.784,2.333,0.01,0.559,-0.102,1.0,0.784,1.0,0.01,0.559,0.0,0.001,0.0,1.395,0.0,0.0,0.0,0.0,0.0,0.017,0.001,0.0,0.001,0.195,0.222,0.456,4.182,3.416,4.24,-2.085,-2.406,-0.047,1.229,0.935,1.275,2.474,2.85,0.959,7.136,5.898,7.205,0.824,0.065,0.594,0.13,0.814,0.133,2.474,1.715,0.959,1.288,3.709,1.275,1.292,1.12,5.854,0.997,1.187,0.993
197,196,22.103,0.11,0.008,-0.002,0.002,-0.002,0.002,-0.002,0.002,1.172,-2.234,0.301,2.058,4.442,2.135,1.14,0.496,1.778,0.071,0.607,0.086,1.0,0.496,1.0,0.071,0.607,0.086,0.0,0.0,0.051,0.002,0.0,0.002,0.0,0.27,0.008,0.0,0.0,0.0,0.195,0.222,0.456,4.182,3.416,4.24,-2.085,-2.406,-0.047,1.229,0.935,1.275,2.474,2.85,0.959,7.136,5.898,7.205,0.779,0.06,0.288,0.107,0.772,0.11,2.474,0.201,0.959,1.648,3.948,1.785,1.292,1.12,5.854,0.997,1.187,0.993
198,197,22.215,0.111,0.006,-0.39,0.39,-0.39,0.39,-0.39,0.39,0.95,-2.453,0.079,1.856,4.22,2.124,1.312,0.734,1.944,-0.031,0.524,-0.133,1.0,0.734,1.0,0.0,0.524,0.0,0.0,0.81,0.024,0.001,0.0,0.0,0.0,0.005,0.001,0.015,0.0,0.012,0.195,0.199,0.456,4.182,3.416,4.24,-2.085,-2.453,-0.047,1.229,0.935,1.275,2.474,2.85,0.959,7.136,5.898,7.205,0.726,0.05,0.099,0.09,0.722,0.109,2.474,1.452,0.959,1.229,3.536,1.275,1.292,1.11,5.854,0.997,1.187,0.993
199,198,22.328,0.111,0.009,-0.669,0.669,-0.669,0.669,-0.669,0.669,0.728,-2.128,-0.143,2.018,3.998,2.457,1.011,0.432,1.333,-0.122,0.49,-0.328,1.0,0.432,1.0,0.0,0.49,0.0,0.0,0.015,0.004,0.045,0.0,0.035,0.0,0.985,0.0,0.057,0.0,0.046,0.195,0.199,0.408,4.496,3.416,4.664,-2.085,-2.453,-0.143,1.856,0.935,2.124,2.474,2.85,0.959,7.136,5.898,7.205,0.666,0.07,0.05,0.059,0.666,0.072,2.474,-0.162,0.959,1.229,3.367,1.275,1.292,1.11,5.344,1.115,1.187,1.159
200,199,22.44,0.11,0.012,-3.953,3.953,-3.953,3.953,-3.953,3.953,0.508,-1.798,-0.363,2.348,3.778,2.787,1.258,0.396,1.352,-0.214,0.386,-0.375,1.0,0.396,1.0,0.0,0.386,0.0,0.0,2.954,0.001,0.172,0.0,0.138,0.0,1.0,0.0,1.0,0.0,1.0,0.195,0.199,0.298,4.496,3.416,4.664,-2.085,-2.453,-0.363,1.856,0.935,2.124,2.474,2.85,0.959,7.136,5.898,7.205,0.6,0.098,0.05,0.084,0.606,0.102,2.474,-0.353,0.959,1.856,2.851,2.124,1.292,1.11,4.455,1.115,1.187,1.159
201,200,22.552,0.11,0.011,-4.923,4.923,-4.923,4.923,-4.923,4.923,0.288,-1.468,-0.583,2.678,3.558,3.117,1.366,0.424,1.648,-0.378,0.234,-0.531,1.0,0.424,1.0,0.0,0.234,0.0,0.0,3.0,0.0,3.0,0.0,3.0,0.0,1.0,0.0,1.0,0.0,1.0,0.195,0.199,0.188,4.496,3.416,4.664,-2.085,-2.453,-0.583,1.856,0.935,2.124,2.474,2.85,0.959,7.136,5.898,7.205,0.53,0.136,0.05,0.116,0.542,0.143,2.474,-0.205,0.959,1.856,2.096,2.124,1.292,1.11,3.819,1.115,1.187,1.159
202,201,22.663,0.11,0.016,-5.073,5.073,-5.073,5.073,-5.073,5.073,0.068,-1.138,-0.803,3.008,3.338,3.447,1.441,0.417,1.389,-0.439,0.338,-0.336,1.0,0.417,1.0,0.0,0.338,0.0,0.0,3.0,0.0,3.0,0.0,3.0,0.0,1.0,0.0,1.0,0.0,1.0,0.195,0.199,0.078,4.496,3.416,4.664,-2.085,-2.453,-0.803,1.856,0.935,2.124,2.474,2.85,0.959,7.136,5.898,7.205,0.459,0.185,0.05,0.16,0.477,0.196,2.474,-0.242,0.959,1.856,2.612,2.124,1.292,1.11,3.342,1.115,1.187,1.159
203,202,22.774,0.11,0.005,-5.096,5.096,-5.096,5.096,-5.096,5.096,-0.152,-0.808,-1.023,3.338,3.118,3.777,1.086,0.324,0.907,-0.224,0.393,-0.273,1.0,0.324,0.907,0.0,0.393,0.0,0.0,3.0,0.0,3.0,0.0,3.0,0.0,1.0,0.0,1.0,0.0,1.0,0.195,0.199,-0.032,4.496,3.416,4.664,-2.085,-2.453,-1.023,1.856,0.935,2.124,2.474,2.85,0.959,7.136,5.898,7.205,0.39,0.246,0.05,0.216,0.412,0.263,2.474,-0.735,0.795,1.856,2.885,2.124,1.292,1.11,2.971,1.115,1.187,1.159
204,203,22.888,0.111,0.013,-5.099,5.099,-5.099,5.099,-5.099,5.099,-0.374,-0.475,-1.245,3.671,2.896,4.11,0.882,0.302,0.611,-0.102,0.324,0.078,0.882,0.302,0.611,0.0,0.324,0.078,0.0,3.0,0.0,3.0,0.0,3.0,0.0,1.0,0.0,1.0,0.0,1.0,0.195,0.199,-0.143,4.496,3.416,4.664,-2.085,-2.453,-1.245,1.856,0.935,2.124,2.474,2.85,0.959,7.136,5.898,7.205,0.324,0.321,0.05,0.285,0.35,0.345,1.936,-0.851,0.188,1.856,2.543,2.52,1.292,1.11,2.672,1.115,1.187,1.159
205,204,23.0,0.11,0.013,-5.1,5.1,-5.1,5.1,-5.1,5.1,-0.594,-0.145,-1.465,4.001,2.676,4.44,0.581,0.302,0.111,0.031,0.372,0.117,0.581,0.302,0.111,0.031,0.372,0.117,0.0,3.0,0.0,3.0,0.0,3.0,0.0,1.0,0.0,1.0,0.0,1.0,0.195,0.199,-0.253,4.496,3.416,4.664,-2.085,-2.453,-1.465,1.856,0.935,2.124,2.474,2.85,0.959,7.136,5.898,7.205,0.265,0.406,0.05,0.365,0.293,0.435,0.564,-0.851,-1.0,2.02,2.781,2.718,1.292,1.11,2.429,1.115,1.187,1.159
206,205,23.113,0.111,0.011,-5.1,5.1,-5.1,5.1,-5.1,5.1,-0.816,0.188,-1.687,4.334,2.454,4.773,0.656,0.489,0.574,-0.02,0.007,-0.078,0.656,0.489,0.574,0.0,0.007,0.0,0.0,3.0,0.0,3.0,0.0,3.0,0.0,1.0,0.0,1.0,0.0,1.0,0.195,0.199,-0.364,4.496,3.416,4.664,-2.085,-2.453,-1.687,1.856,0.935,2.124,2.474,2.85,0.959,7.136,5.898,7.205,0.213,0.497,0.05,0.455,0.242,0.531,0.906,0.14,-0.074,1.856,0.97,2.124,1.292,1.11,2.226,1.115,1.187,1.159
207,206,23.226,0.11,0.014,-5.1,5.1,-5.1,5.1,-5.1,5.1,-1.036,0.518,-1.907,4.664,2.234,5.103,0.753,0.676,1.019,0.01,-0.138,0.133,0.753,0.676,1.0,0.01,0.0,0.133,0.0,3.0,0.0,3.0,0.0,3.0,0.0,1.0,0.0,1.0,0.0,1.0,0.195,0.199,-0.474,4.496,3.416,4.664,-2.085,-2.453,-1.907,1.856,0.935,2.124,2.474,2.85,0.959,7.136,5.898,7.205,0.169,0.588,0.05,0.547,0.197,0.624,1.348,1.132,0.959,1.909,0.935,2.8,1.292,1.11,2.055,1.115,1.187,1.159
208,207,23.338,0.11,0.011,-5.1,5.1,-5.1,5.1,-5.1,5.1,-1.256,0.848,-2.127,4.994,2.014,5.431,0.645,0.619,0.222,0.255,-0.007,0.344,0.645,0.619,0.222,0.255,0.0,0.344,0.0,3.0,0.0,3.0,0.0,3.0,0.0,1.0,0.0,1.0,0.0,0.998,0.195,0.199,-0.584,4.496,3.416,4.664,-2.085,-2.453,-2.127,1.856,0.935,2.124,2.474,2.85,0.959,7.136,5.898,7.205,0.133,0.673,0.05,0.635,0.159,0.709,0.856,0.83,-1.271,3.202,0.935,3.872,1.292,1.11,1.908,1.115,1.187,1.159
209,208,23.452,0.11,0.012,-5.097,5.097,-5.097,5.097,-5.097,5.097,-1.476,1.178,-2.347,5.324,1.794,5.761,0.667,0.791,0.685,0.204,-0.331,0.258,0.667,0.791,0.685,0.204,0.0,0.258,0.0,3.0,0.0,3.0,0.0,2.994,0.0,1.0,0.0,1.0,0.0,1.0,0.195,0.199,-0.694,4.496,3.416,4.664,-2.085,-2.453,-2.347,1.856,0.935,2.124,2.474,2.85,0.959,7.136,5.898,7.205,0.104,0.748,0.05,0.716,0.127,0.781,0.956,1.742,-0.013,2.933,0.935,3.435,1.292,1.11,1.781,1.115,1.187,1.159
210,209,23.567,0.111,0.013,-5.099,5.099,-5.099,5.099,-5.099,5.099,-1.698,1.51,-2.569,5.657,1.572,6.094,0.785,1.094,0.833,0.184,-0.386,0.273,0.785,1.0,0.833,0.184,0.0,0.273,0.0,3.0,0.0,3.0,0.0,2.999,0.0,1.0,0.0,1.0,0.0,1.0,0.195,0.199,-0.805,4.496,3.416,4.664,-2.085,-2.453,-2.569,1.856,0.935,2.124,2.474,2.85,0.959,7.136,5.898,7.205,0.08,0.811,0.05,0.785,0.101,0.84,1.494,2.85,0.407,2.828,0.935,3.511,1.292,1.11,1.669,1.115,1.187,1.159
211,210,23.679,0.11,0.012,-5.099,5.099,-5.099,5.099,-5.099,5.099,-1.918,1.84,-2.789,5.98,1.352,6.33,0.581,0.993,0.537,0.449,-0.379,0.523,0.581,0.993,0.537,0.449,0.0,0.523,0.0,3.0,0.0,3.0,0.0,2.999,0.0,1.0,0.0,0.987,0.0,0.83,0.195,0.199,-0.915,4.496,3.416,4.664,-2.085,-2.453,-2.789,1.856,0.935,2.124,2.474,2.85,0.959,7.136,5.898,7.205,0.061,0.861,0.05,0.84,0.079,0.873,0.564,2.813,-0.674,4.227,0.935,4.781,1.292,1.11,1.571,1.115,1.187,1.159
212,211,23.792,0.11,0.01,-4.836,4.836,-4.836,4.836,-4.836,4.836,-2.138,2.169,-3.009,6.309,1.132,6.652,0.742,1.151,0.778,0.327,-0.483,0.367,0.742,1.0,0.778,0.327,0.0,0.367,0.0,3.0,0.0,2.962,0.0,2.491,0.0,1.0,0.0,0.998,0.0,0.986,0.168,0.199,-1.025,4.496,3.416,4.664,-2.138,-2.453,-3.009,1.856,0.935,2.124,2.474,2.85,0.959,7.136,5.898,7.205,0.05,0.899,0.05,0.883,0.062,0.909,1.298,2.85,0.127,3.583,0.935,3.989,1.277,1.11,1.484,1.115,1.187,1.159
213,212,23.903,0.11,0.01,-5.032,5.032,-5.032,5.032,-5.032,5.032,-2.358,2.489,-3.229,6.638,0.912,6.977,0.484,1.259,0.722,0.378,-0.476,0.391,0.484,1.0,0.722,0.378,0.0,0.391,0.0,3.0,0.0,2.994,0.0,2.957,0.0,1.0,0.0,0.997,0.0,0.99,0.058,0.199,-1.135,4.496,3.405,4.664,-2.358,-2.453,-3.229,1.856,0.912,2.124,2.474,2.85,0.959,7.136,5.898,7.205,0.05,0.927,0.05,0.916,0.05,0.936,0.094,2.85,-0.144,3.852,0.935,4.111,1.219,1.11,1.406,1.115,1.181,1.159
214,213,24.015,0.111,0.006,-5.047,5.047,-5.047,5.047,-5.047,5.047,-2.58,2.768,-3.451,6.964,0.69,7.299,0.559,1.331,0.63,0.439,-0.414,0.422,0.559,1.0,0.63,0.439,0.0,0.422,0.0,3.0,0.0,2.992,0.0,2.97,0.0,1.0,0.0,0.987,0.0,0.98,-0.053,0.199,-1.246,4.496,3.294,4.712,-2.58,-2.453,-3.451,1.856,0.69,2.124,2.474,2.85,0.959,7.136,5.898,7.299,0.05,0.945,0.05,0.94,0.05,0.95,0.343,2.85,-0.591,4.174,0.912,4.268,1.165,1.11,1.335,1.115,1.131,1.138
215,214,24.128,0.111,0.01,-4.902,4.902,-4.902,4.902,-4.902,4.902,-2.802,3.013,-3.673,7.076,0.468,7.428,0.634,1.324,0.685,0.561,-0.379,0.516,0.634,1.0,0.685,0.561,0.0,0.516,0.0,3.0,0.0,2.962,0.0,2.94,0.0,1.0,0.0,0.603,0.0,0.631,-0.164,0.28,-1.357,4.496,3.183,4.776,-2.802,-2.453,-3.673,1.856,0.468,2.124,2.474,3.013,0.959,7.136,5.898,7.428,0.05,0.95,0.05,0.947,0.05,0.95,0.624,2.85,-0.43,4.818,0.69,4.794,1.116,1.077,1.271,1.115,1.085,1.11
216,215,24.241,0.11,0.014,-3.742,3.742,-3.742,3.742,-3.742,3.742,-3.022,2.818,-3.891,6.858,0.248,7.208,0.581,1.245,0.222,0.571,-0.352,0.594,0.581,1.0,0.222,0.571,0.0,0.594,0.0,3.0,0.0,1.81,0.0,1.894,0.0,0.975,0.004,0.004,0.0,0.0,-0.274,0.28,-1.466,4.466,3.073,4.776,-3.022,-2.453,-3.891,1.856,0.248,2.124,2.474,3.013,0.959,7.076,5.898,7.428,0.05,0.939,0.05,0.937,0.05,0.937,0.263,3.013,-2.645,4.871,0.468,5.275,1.071,1.077,1.214,1.128,1.042,1.11
217,216,24.354,0.11,0.005,-0.641,0.641,-0.641,0.641,-0.641,0.641,-3.242,2.598,-3.886,6.638,0.578,6.988,0.763,1.446,0.685,0.449,-0.51,0.453,0.763,1.0,0.685,0.449,0.0,0.453,0.0,2.924,0.012,0.011,0.0,0.001,0.0,0.0,0.411,0.0,0.012,0.0,-0.384,0.28,-1.466,4.466,3.073,4.776,-3.242,-2.453,-3.891,1.856,0.248,2.124,2.474,3.013,0.959,7.076,5.898,7.428,0.05,0.924,0.05,0.921,0.069,0.921,1.171,3.013,-0.569,4.2,0.248,4.527,1.03,1.077,1.214,1.128,1.042,1.11
218,217,24.468,0.111,0.01,1.952,-1.952,1.952,-1.952,1.952,-1.952,-2.91,2.376,-3.553,6.416,0.911,6.766,0.656,1.424,0.87,0.49,-0.503,0.492,0.656,1.0,0.87,0.49,0.0,0.492,0.0,0.0,1.232,0.0,0.035,0.0,0.999,0.0,1.0,0.0,1.0,0.0,-0.384,0.28,-1.466,4.466,3.073,4.776,-3.242,-2.453,-3.891,1.856,0.248,2.124,2.474,3.013,0.959,7.076,5.898,7.428,0.069,0.905,0.074,0.9,0.095,0.901,0.508,3.013,0.328,4.414,0.248,4.734,1.03,1.077,1.214,1.128,1.042,1.11
219,218,24.58,0.11,0.013,4.614,-4.614,4.614,-4.614,4.614,-4.614,-2.58,2.156,-3.223,6.196,1.241,6.546,0.484,1.165,0.204,0.765,0.021,0.711,0.484,1.0,0.204,0.765,0.021,0.711,2.998,0.0,2.999,0.0,2.999,0.0,1.0,0.0,1.0,0.0,1.0,0.0,-0.384,0.28,-1.466,4.466,3.073,4.776,-3.242,-2.453,-3.891,1.856,0.248,2.124,2.474,3.013,0.959,7.076,5.898,7.428,0.094,0.883,0.106,0.876,0.129,0.877,-0.475,3.013,-2.902,5.849,0.367,5.895,1.03,1.077,1.214,1.128,1.042,1.11
220,219,24.692,0.11,0.012,5.025,-5.025,5.025,-5.025,5.025,-5.025,-2.25,1.936,-2.893,5.976,1.571,6.326,0.312,1.122,0.352,0.806,-0.214,0.742,0.312,1.0,0.352,0.806,0.0,0.742,3.0,0.0,3.0,0.0,3.0,0.0,1.0,0.0,1.0,0.0,1.0,0.0,-0.384,0.28,-1.466,4.466,3.073,4.776,-3.242,-2.453,-3.891,1.856,0.248,2.124,2.474,3.013,0.959,7.076,5.898,7.428,0.128,0.856,0.15,0.846,0.173,0.848,-1.459,3.013,-2.184,6.063,0.248,6.06,1.03,1.077,1.214,1.128,1.042,1.11
221,220,24.806,0.11,0.017,5.089,-5.089,5.089,-5.089,5.089,-5.089,-1.92,1.716,-2.563,5.756,1.901,6.106,0.108,1.05,0.0,0.816,-0.076,0.758,0.108,1.0,0.0,0.816,0.0,0.758,3.0,0.0,3.0,0.0,3.0,0.0,1.0,0.0,1.0,0.0,1.0,0.0,-0.384,0.28,-1.466,4.466,3.073,4.776,-3.242,-2.453,-3.891,1.856,0.248,2.124,2.474,3.013,0.959,7.076,5.898,7.428,0.17,0.824,0.209,0.811,0.228,0.814,-2.625,3.013,-3.891,6.116,0.248,6.144,1.03,1.077,1.214,1.128,1.042,1.11
222,221,24.918,0.11,0.011,5.098,-5.098,5.098,-5.098,5.098,-5.098,-1.59,1.496,-2.233,5.536,2.231,5.886,0.097,1.043,0.13,0.847,-0.069,0.789,0.097,1.0,0.13,0.847,0.0,0.789,3.0,0.0,3.0,0.0,3.0,0.0,1.0,0.0,1.0,0.0,1.0,0.0,-0.384,0.28,-1.466,4.466,3.073,4.776,-3.242,-2.453,-3.891,1.856,0.248,2.124,2.474,3.013,0.959,7.076,5.898,7.428,0.224,0.788,0.283,0.77,0.294,0.774,-2.688,3.013,-3.26,6.277,0.248,6.309,1.03,1.077,1.214,1.128,1.042,1.11
223,222,25.031,0.11,0.011,5.1,-5.1,5.1,-5.1,5.1,-5.1,-1.26,1.276,-1.903,5.316,2.561,5.666,0.14,1.043,0.222,0.786,-0.021,0.719,0.14,1.0,0.222,0.786,0.0,0.719,3.0,0.0,3.0,0.0,3.0,0.0,1.0,0.0,1.0,0.0,1.0,0.0,-0.384,0.28,-1.466,4.466,3.073,4.776,-3.242,-2.453,-3.891,1.856,0.248,2.124,2.474,3.013,0.959,7.076,5.898,7.428,0.289,0.745,0.37,0.723,0.37,0.729,-2.442,3.013,-2.814,5.959,0.248,5.938,1.03,1.077,1.214,1.128,1.042,1.11
224,223,25.142,0.11,0.015,5.1,-5.1,5.1,-5.1,5.1,-5.1,-0.93,1.056,-1.573,5.096,2.891,5.446,0.194,1.022,0.463,0.867,0.034,0.711,0.194,1.0,0.463,0.867,0.034,0.711,3.0,0.0,3.0,0.0,3.0,0.0,1.0,0.0,1.0,0.0,1.0,0.0,-0.384,0.28,-1.466,4.466,3.073,4.776,-3.242,-2.453,-3.891,1.856,0.248,2.124,2.474,3.013,0.959,7.076,5.898,7.428,0.363,0.698,0.468,0.671,0.453,0.678,-2.133,3.013,-1.645,6.382,0.44,5.895,1.03,1.077,1.214,1.128,1.042,1.11
225,224,25.255,0.111,0.012,5.1,-5.1,5.1,-5.1,5.1,-5.1,-0.597,0.834,-1.24,4.874,3.224,5.224,0.323,1.043,0.463,0.857,0.138,0.711,0.323,1.0,0.463,0.857,0.138,0.711,3.0,0.0,3.0,0.0,3.0,0.0,1.0,0.0,1.0,0.0,1.0,0.0,-0.384,0.28,-1.466,4.466,3.073,4.776,-3.242,-2.453,-3.891,1.856,0.248,2.124,2.474,3.013,0.959,7.076,5.898,7.428,0.445,0.645,0.568,0.613,0.539,0.622,-1.396,3.013,-1.645,6.33,1.028,5.895,1.03,1.077,1.214,1.128,1.042,1.11
226,225,25.367,0.11,0.018,5.1,-5.1,5.1,-5.1,5.1,-5.1,-0.267,0.614,-0.91,4.654,3.554,5.004,0.258,1.007,0.833,0.602,0.09,0.492,0.258,1.0,0.833,0.602,0.09,0.492,3.0,0.0,3.0,0.0,3.0,0.0,1.0,0.0,1.0,0.0,1.0,0.0,-0.384,0.28,-1.466,4.466,3.073,4.776,-3.242,-2.453,-3.891,1.856,0.248,2.124,2.474,3.013,0.959,7.076,5.898,7.428,0.53,0.589,0.663,0.553,0.623,0.563,-1.767,3.013,0.149,4.998,0.756,4.734,1.03,1.077,1.214,1.128,1.042,1.11
227,226,25.479,0.11,0.019,5.1,-5.1,5.1,-5.1,5.1,-5.1,0.063,0.394,-0.58,4.434,3.884,4.784,0.409,0.906,0.778,0.694,0.338,0.617,0.409,0.906,0.778,0.694,0.338,0.617,3.0,0.0,3.0,0.0,3.0,0.0,1.0,0.0,1.0,0.0,1.0,0.0,-0.384,0.28,-1.466,4.466,3.073,4.776,-3.242,-2.453,-3.891,1.856,0.248,2.124,2.474,3.013,0.959,7.076,5.898,7.428,0.613,0.531,0.746,0.491,0.7,0.502,-0.904,2.499,-0.118,5.479,2.158,5.397,1.03,1.077,1.214,1.128,1.042,1.11
228,227,25.591,0.11,0.012,5.1,-5.1,5.1,-5.1,5.1,-5.1,0.393,0.174,-0.25,4.214,4.214,4.564,0.753,1.043,1.167,0.469,0.228,0.32,0.753,1.0,1.0,0.469,0.228,0.32,3.0,0.0,3.0,0.0,3.0,0.0,1.0,0.0,1.0,0.0,1.0,0.0,-0.384,0.28,-1.466,4.466,3.073,4.776,-3.242,-2.453,-3.891,1.856,0.248,2.124,2.474,3.013,0.959,7.076,5.898,7.428,0.69,0.471,0.814,0.429,0.767,0.441,1.062,3.013,0.959,4.304,1.536,3.821,1.03,1.077,1.214,1.128,1.042,1.11
229,228,25.703,0.11,0.016,5.1,-5.1,5.1,-5.1,5.1,-5.1,0.723,-0.046,0.08,3.994,4.544,4.344,0.71,0.827,1.0,0.612,0.524,0.406,0.71,0.827,1.0,0.612,0.524,0.406,3.0,0.0,3.0,0.0,3.0,0.0,1.0,0.0,1.0,0.0,1.0,0.0,-0.384,0.28,-1.466,4.466,3.073,4.776,-3.242,-2.453,-3.891,1.856,0.248,2.124,2.474,3.013,0.959,7.076,5.898,7.428,0.758,0.413,0.867,0.37,0.822,0.382,0.816,2.067,0.959,5.051,3.209,4.277,1.03,1.077,1.214,1.128,1.042,1.11
230,229,25.815,0.111,0.006,5.1,-5.1,5.1,-5.1,5.1,-5.1,1.056,-0.268,0.412,3.772,4.877,4.122,0.935,1.043,1.556,0.398,0.476,0.219,0.935,1.0,1.0,0.398,0.476,0.219,3.0,0.0,3.0,0.0,3.0,0.0,1.0,0.0,1.0,0.0,1.0,0.0,-0.384,0.28,-1.466,4.466,3.073,4.776,-3.242,-2.453,-3.891,1.856,0.248,2.124,2.474,3.013,0.959,7.076,5.898,7.428,0.815,0.357,0.907,0.314,0.868,0.326,2.102,3.013,0.959,3.934,2.937,3.286,1.03,1.077,1.214,1.128,1.042,1.11
231,230,25.928,0.111,0.01,5.099,-5.099,5.099,-5.099,5.099,-5.099,1.389,-0.49,0.635,3.55,5.21,3.9,0.903,1.0,1.796,0.255,0.497,0.016,0.903,1.0,1.0,0.255,0.497,0.016,3.0,0.0,3.0,0.0,3.0,0.0,1.0,0.0,1.0,0.0,1.0,0.0,-0.384,0.28,-1.466,4.466,3.073,4.776,-3.242,-2.453,-3.891,1.856,0.248,2.124,2.474,3.013,0.959,7.076,5.898,7.428,0.861,0.304,0.928,0.262,0.903,0.274,1.92,3.013,0.959,3.187,3.056,2.209,1.03,1.077,1.214,1.128,1.042,1.11
232,231,26.04,0.11,0.013,4.812,-4.812,4.812,-4.812,4.812,-4.812,1.719,-0.71,0.964,3.33,5.531,3.68,1.032,0.849,1.519,0.398,0.662,0.227,1.0,0.849,1.0,0.398,0.662,0.227,3.0,0.0,3.0,0.0,3.0,0.0,1.0,0.0,1.0,0.0,0.984,0.0,-0.384,0.28,-1.464,4.466,3.073,4.776,-3.242,-2.453,-3.891,1.856,0.248,2.124,2.474,3.013,0.964,7.076,5.898,7.428,0.897,0.256,0.95,0.217,0.928,0.228,2.474,2.188,0.959,3.934,3.988,3.328,1.03,1.077,1.213,1.128,1.042,1.11
233,232,26.153,0.111,0.011,5.033,-5.033,5.033,-5.033,5.033,-5.033,2.051,-0.932,0.745,3.108,5.864,3.458,1.247,1.0,2.056,0.102,0.614,-0.008,1.0,1.0,1.0,0.102,0.614,0.0,3.0,0.0,3.0,0.0,2.952,0.0,1.0,0.0,1.0,0.0,0.999,0.0,-0.384,0.28,-1.464,4.466,3.073,4.776,-3.242,-2.453,-3.891,1.856,0.248,2.124,2.474,3.013,0.964,7.076,5.898,7.428,0.925,0.213,0.936,0.178,0.948,0.188,2.474,3.013,0.964,2.388,3.717,2.124,1.03,1.077,1.213,1.128,1.042,1.11
234,233,26.268,0.111,0.013,3.639,-3.639,3.639,-3.639,3.639,-3.639,2.284,-1.154,0.523,2.886,5.724,3.236,1.151,0.662,1.981,0.122,0.662,-0.086,1.0,0.662,1.0,0.122,0.662,0.0,3.0,0.0,3.0,0.0,2.996,0.0,0.997,0.0,1.0,0.0,0.148,0.0,-0.384,0.28,-1.464,4.466,3.056,4.776,-3.242,-2.453,-3.891,1.856,0.248,2.124,2.474,3.013,0.964,7.076,5.864,7.428,0.94,0.176,0.918,0.144,0.943,0.153,2.474,1.165,0.964,2.493,3.988,2.124,1.03,1.077,1.213,1.128,1.049,1.11
235,234,26.379,0.11,0.011,1.955,-1.955,1.955,-1.955,1.955,-1.955,2.064,-1.374,0.303,2.666,5.504,3.016,1.28,0.899,2.037,0.082,0.676,-0.078,1.0,0.899,1.0,0.082,0.676,0.0,2.991,0.0,3.0,0.0,0.445,0.0,0.069,0.0,0.993,0.0,0.0,0.0,-0.479,0.28,-1.464,4.466,3.056,4.776,-3.242,-2.453,-3.891,1.856,0.248,2.124,2.284,3.013,0.964,7.076,5.864,7.428,0.938,0.144,0.895,0.116,0.929,0.124,2.474,2.461,0.964,2.284,4.044,2.124,1.066,1.077,1.213,1.128,1.049,1.11
236,235,26.493,0.111,0.01,0.286,-0.286,0.286,-0.286,0.286,-0.286,1.842,-1.596,0.081,2.444,5.282,2.795,1.376,1.007,2.111,-0.082,0.634,-0.211,1.0,1.0,1.0,0.0,0.634,0.0,0.208,0.0,2.979,0.0,0.0,0.0,0.0,0.0,0.033,0.0,0.0,0.0,-0.479,0.28,-1.464,4.466,3.056,4.776,-3.242,-2.453,-3.891,1.856,0.248,2.124,2.284,3.013,0.964,7.076,5.864,7.428,0.922,0.117,0.867,0.093,0.912,0.1,2.284,3.013,0.964,1.856,3.809,2.124,1.066,1.077,1.213,1.128,1.049,1.11
237,236,26.606,0.11,0.009,0.041,-0.041,0.041,-0.041,0.041,-0.041,1.622,-1.816,-0.139,2.224,5.062,2.581,1.527,0.935,2.315,-0.102,0.476,-0.234,1.0,0.935,1.0,0.0,0.476,0.0,0.0,0.0,0.098,0.0,0.0,0.0,0.0,0.0,0.01,0.0,0.0,0.0,-0.479,0.28,-1.464,4.466,3.056,4.776,-3.242,-2.453,-3.891,1.856,0.248,2.124,2.284,3.013,0.964,7.076,5.864,7.428,0.904,0.095,0.833,0.074,0.891,0.08,2.284,2.658,0.964,1.856,2.921,2.124,1.066,1.077,1.213,1.128,1.049,1.11
238,237,26.719,0.11,0.012,-0.009,0.009,-0.009,0.009,-0.009,0.009,1.402,-2.036,-0.359,2.004,4.842,2.371,1.409,0.921,2.389,-0.051,0.545,-0.25,1.0,0.921,1.0,0.0,0.545,0.0,0.0,0.0,0.029,0.0,0.0,0.0,0.0,0.0,0.008,0.0,0.0,0.0,-0.479,0.28,-1.464,4.466,3.056,4.776,-3.242,-2.453,-3.891,1.856,0.248,2.124,2.284,3.013,0.964,7.076,5.864,7.428,0.881,0.076,0.792,0.059,0.867,0.065,2.284,2.581,0.964,1.856,3.309,2.124,1.066,1.077,1.213,1.128,1.049,1.11
239,238,26.833,0.111,0.011,-0.029,0.029,-0.029,0.029,-0.029,0.029,1.18,-2.258,-0.581,1.783,4.62,2.181,1.441,0.978,2.426,-0.092,0.531,-0.289,1.0,0.978,1.0,0.0,0.531,0.0,0.0,0.0,0.023,0.0,0.0,0.0,0.0,0.0,0.007,0.0,0.0,0.0,-0.479,0.28,-1.464,4.43,3.056,4.776,-3.242,-2.453,-3.891,1.783,0.248,2.124,2.284,3.013,0.964,7.076,5.864,7.428,0.854,0.061,0.745,0.05,0.838,0.053,2.284,2.893,0.964,1.856,3.23,2.124,1.066,1.077,1.213,1.113,1.049,1.11
240,239,26.946,0.11,0.009,-0.088,0.088,-0.088,0.088,-0.088,0.088,0.96,-2.478,-0.801,1.563,4.4,2.01,1.548,0.935,2.074,-0.041,0.49,-0.297,1.0,0.935,1.0,0.0,0.49,0.0,0.0,0.0,0.021,0.0,0.0,0.0,0.0,0.0,0.005,0.0,0.0,0.0,-0.479,0.267,-1.464,4.32,3.056,4.719,-3.242,-2.478,-3.891,1.563,0.248,2.01,2.284,3.013,0.964,7.076,5.864,7.428,0.823,0.05,0.691,0.05,0.804,0.05,2.284,2.658,0.964,1.783,3.0,2.124,1.066,1.072,1.213,1.068,1.049,1.087
241,240,27.057,0.11,0.01,-0.145,0.145,-0.145,0.145,-0.145,0.145,0.74,-2.698,-1.021,1.382,4.18,2.197,1.462,0.734,2.0,-0.163,0.607,-0.383,1.0,0.734,1.0,0.0,0.607,0.0,0.0,0.0,0.016,0.001,0.0,0.0,0.0,0.001,0.004,0.001,0.0,0.0,-0.479,0.157,-1.464,4.229,3.056,4.719,-3.242,-2.698,-3.891,1.382,0.248,2.01,2.284,3.013,0.964,7.076,5.864,7.428,0.786,0.05,0.631,0.05,0.765,0.061,2.284,1.552,0.964,1.563,3.657,2.01,1.066,1.031,1.213,1.034,1.049,1.087
242,241,27.171,0.11,0.011,-1.186,1.186,-1.186,1.186,-1.186,1.186,0.52,-2.76,-1.241,1.711,3.96,2.527,1.376,0.712,1.907,-0.265,0.566,-0.516,1.0,0.712,1.0,0.0,0.566,0.0,0.0,0.003,0.012,0.002,0.0,0.0,0.0,0.287,0.0,0.273,0.0,0.016,-0.479,0.126,-1.464,4.229,3.056,4.719,-3.242,-2.76,-3.891,1.382,0.248,2.01,2.284,3.013,0.964,7.076,5.864,7.428,0.744,0.05,0.567,0.069,0.721,0.085,2.284,1.368,0.964,1.382,3.427,2.01,1.066,1.02,1.213,1.034,1.049,1.087
243,242,27.282,0.11,0.013,-3.469,3.469,-3.469,3.469,-3.469,3.469,0.3,-2.43,-1.461,2.041,3.74,2.857,1.43,0.777,2.056,-0.112,0.448,-0.406,1.0,0.777,1.0,0.0,0.448,0.0,0.0,0.86,0.0,0.819,0.0,0.048,0.0,1.0,0.0,1.0,0.0,0.999,-0.479,0.126,-1.464,4.229,3.056,4.719,-3.242,-2.76,-3.891,1.382,0.248,2.01,2.284,3.013,0.964,7.076,5.864,7.428,0.696,0.069,0.501,0.094,0.672,0.117,2.284,1.726,0.964,1.382,2.764,2.01,1.066,1.02,1.213,1.034,1.049,1.087
244,243,27.395,0.11,0.013,-4.849,4.849,-4.849,4.849,-4.849,4.849,0.08,-2.1,-1.681,2.371,3.52,3.187,1.333,0.676,1.722,-0.306,0.524,-0.32,1.0,0.676,1.0,0.0,0.524,0.0,0.0,3.0,0.0,3.0,0.0,2.998,0.0,1.0,0.0,1.0,0.0,1.0,-0.479,0.126,-1.464,4.229,3.056,4.719,-3.242,-2.76,-3.891,1.382,0.248,2.01,2.284,3.013,0.964,7.076,5.864,7.428,0.645,0.094,0.434,0.128,0.619,0.159,2.284,1.143,0.964,1.382,3.191,2.01,1.066,1.02,1.213,1.034,1.049,1.087
245,244,27.508,0.111,0.018,-5.063,5.063,-5.063,5.063,-5.063,5.063,-0.142,-1.767,-1.903,2.704,3.298,3.52,1.108,0.36,1.519,-0.173,0.297,-0.133,1.0,0.36,1.0,0.0,0.297,0.0,0.0,3.0,0.0,3.0,0.0,3.0,0.0,1.0,0.0,1.0,0.0,1.0,-0.479,0.126,-1.464,4.229,3.056,4.719,-3.242,-2.76,-3.891,1.382,0.248,2.01,2.284,3.013,0.964,7.076,5.864,7.428,0.589,0.127,0.37,0.171,0.563,0.214,2.284,-0.682,0.964,1.382,1.916,2.01,1.066,1.02,1.213,1.034,1.049,1.087
246,245,27.62,0.11,0.013,-5.094,5.094,-5.094,5.094,-5.094,5.094,-0.362,-1.437,-2.123,3.034,3.078,3.85,1.011,0.122,1.056,-0.02,0.338,0.016,1.0,0.122,1.0,0.0,0.338,0.016,0.0,3.0,0.0,3.0,0.0,3.0,0.0,1.0,0.0,1.0,0.0,1.0,-0.479,0.126,-1.464,4.229,3.056,4.719,-3.242,-2.76,-3.891,1.382,0.248,2.01,2.284,3.013,0.964,7.076,5.864,7.428,0.531,0.169,0.31,0.225,0.506,0.28,2.284,-2.056,0.964,1.382,2.146,2.097,1.066,1.02,1.213,1.034,1.049,1.087
247,246,27.733,0.11,0.011,-5.099,5.099,-5.099,5.099,-5.099,5.099,-0.582,-1.107,-2.343,3.364,2.858,4.18,0.914,0.151,1.037,0.031,0.545,0.07,0.914,0.151,1.0,0.031,0.545,0.07,0.0,3.0,0.0,3.0,0.0,3.0,0.0,1.0,0.0,1.0,0.0,1.0,-0.479,0.126,-1.464,4.229,3.056,4.719,-3.242,-2.76,-3.891,1.382,0.248,2.01,2.284,3.013,0.964,7.076,5.864,7.428,0.473,0.221,0.256,0.29,0.448,0.358,1.809,-1.888,0.964,1.559,3.309,2.389,1.066,1.02,1.213,1.034,1.049,1.087
248,247,27.846,0.11,0.014,-5.1,5.1,-5.1,5.1,-5.1,5.1,-0.802,-0.777,-2.563,3.694,2.638,4.51,0.968,0.302,1.259,-0.112,0.255,-0.078,0.968,0.302,1.0,0.0,0.255,0.0,0.0,3.0,0.0,3.0,0.0,3.0,0.0,1.0,0.0,1.0,0.0,1.0,-0.479,0.126,-1.464,4.229,3.056,4.719,-3.242,-2.76,-3.891,1.382,0.248,2.01,2.284,3.013,0.964,7.076,5.864,7.428,0.415,0.285,0.209,0.365,0.392,0.443,2.107,-1.017,0.964,1.382,1.68,2.01,1.066,1.02,1.213,1.034,1.049,1.087
249,248,27.958,0.11,0.011,-5.1,5.1,-5.1,5.1,-5.1,5.1,-1.022,-0.447,-2.783,4.024,2.418,4.84,0.903,0.295,0.759,0.071,0.372,0.172,0.903,0.295,0.759,0.071,0.372,0.172,0.0,3.0,0.0,3.0,0.0,3.0,0.0,1.0,0.0,1.0,0.0,1.0,-0.479,0.126,-1.464,4.229,3.056,4.719,-3.242,-2.76,-3.891,1.382,0.248,2.01,2.284,3.013,0.964,7.076,5.864,7.428,0.359,0.358,0.168,0.447,0.339,0.533,1.748,-1.057,-0.206,1.786,2.337,2.942,1.066,1.02,1.213,1.034,1.049,1.087
250,249,28.072,0.112,0.011,-5.1,5.1,-5.1,5.1,-5.1,5.1,-1.246,-0.111,-3.007,4.36,2.194,5.176,0.914,0.453,1.074,0.092,0.393,0.156,0.914,0.453,1.0,0.092,0.393,0.156,0.0,3.0,0.0,3.0,0.0,3.0,0.0,1.0,0.0,1.0,0.0,1.0,-0.479,0.126,-1.464,4.229,3.056,4.719,-3.242,-2.76,-3.891,1.382,0.248,2.01,2.284,3.013,0.964,7.076,5.864,7.428,0.306,0.44,0.133,0.534,0.288,0.622,1.809,-0.145,0.964,1.906,2.455,2.855,1.066,1.02,1.213,1.034,1.049,1.087
251,250,28.186,0.11,0.016,-5.1,5.1,-5.1,5.1,-5.1,5.1,-1.466,0.219,-3.227,4.69,1.974,5.506,1.097,0.655,1.5,-0.092,-0.172,0.117,1.0,0.655,1.0,0.0,0.0,0.117,0.0,3.0,0.0,3.0,0.0,3.0,0.0,1.0,0.0,1.0,0.0,1.0,-0.479,0.126,-1.464,4.229,3.056,4.719,-3.242,-2.76,-3.891,1.382,0.248,2.01,2.284,3.013,0.964,7.076,5.864,7.428,0.259,0.524,0.105,0.617,0.243,0.702,2.284,1.021,0.964,1.382,0.248,2.644,1.066,1.02,1.213,1.034,1.049,1.087
252,251,28.298,0.11,0.011,-5.1,5.1,-5.1,5.1,-5.1,5.1,-1.686,0.549,-3.447,5.02,1.754,5.835,0.753,0.583,0.741,0.214,-0.117,0.336,0.753,0.583,0.741,0.214,0.0,0.336,0.0,3.0,0.0,3.0,0.0,3.0,0.0,1.0,0.0,1.0,0.0,0.998,-0.479,0.126,-1.464,4.229,3.056,4.719,-3.242,-2.76,-3.891,1.382,0.248,2.01,2.284,3.013,0.964,7.076,5.864,7.428,0.216,0.606,0.083,0.694,0.203,0.771,0.919,0.606,-0.293,2.601,0.248,3.83,1.066,1.02,1.213,1.034,1.049,1.087
253,252,28.411,0.11,0.012,-5.097,5.097,-5.097,5.097,-5.097,5.097,-1.906,0.879,-3.667,5.35,1.534,6.165,0.914,0.806,1.037,0.112,-0.297,0.234,0.914,0.806,1.0,0.112,0.0,0.234,0.0,3.0,0.0,3.0,0.0,2.995,0.0,1.0,0.0,1.0,0.0,1.0,-0.479,0.126,-1.464,4.229,3.056,4.719,-3.242,-2.76,-3.891,1.382,0.248,2.01,2.284,3.013,0.964,7.076,5.864,7.428,0.179,0.683,0.065,0.761,0.169,0.828,1.809,1.893,0.964,2.02,0.248,3.278,1.066,1.02,1.213,1.034,1.049,1.087
254,253,28.523,0.11,0.012,-5.099,5.099,-5.099,5.099,-5.099,5.099,-2.126,1.209,-3.887,5.68,1.314,6.495,0.935,0.971,1.074,0.122,-0.31,0.289,0.935,0.971,1.0,0.122,0.0,0.289,0.0,3.0,0.0,3.0,0.0,3.0,0.0,1.0,0.0,1.0,0.0,1.0,-0.479,0.126,-1.464,4.229,3.056,4.719,-3.242,-2.76,-3.891,1.382,0.248,2.01,2.284,3.013,0.964,7.076,5.864,7.428,0.147,0.751,0.05,0.818,0.139,0.873,1.925,2.846,0.964,2.077,0.248,3.576,1.066,1.02,1.213,1.034,1.049,1.087
255,254,28.635,0.111,0.006,-5.099,5.099,-5.099,5.099,-5.099,5.099,-2.348,1.541,-4.109,6.013,1.092,6.827,0.71,1.079,0.926,0.286,-0.269,0.289,0.71,1.0,0.926,0.286,0.0,0.289,0.0,3.0,0.0,3.0,0.0,2.999,0.0,1.0,0.0,1.0,0.0,1.0,-0.479,0.126,-1.572,4.229,3.056,4.719,-3.242,-2.76,-4.109,1.382,0.248,2.01,2.284,3.013,0.964,7.076,5.864,7.428,0.12,0.809,0.05,0.864,0.113,0.908,0.681,3.013,0.605,3.01,0.248,3.576,1.066,1.02,1.161,1.034,1.049,1.087
256,255,28.747,0.11,0.01,-5.099,5.099,-5.099,5.099,-5.099,5.099,-2.568,1.831,-4.329,6.343,0.872,7.155,0.839,1.273,1.333,0.306,-0.297,0.367,0.839,1.0,1.0,0.306,0.0,0.367,0.0,3.0,0.0,3.0,0.0,2.999,0.0,1.0,0.0,1.0,0.0,0.996,-0.479,0.126,-1.682,4.229,3.056,4.719,-3.242,-2.76,-4.329,1.382,0.248,2.01,2.284,3.013,0.964,7.076,5.864,7.428,0.097,0.851,0.05,0.899,0.092,0.934,1.394,3.013,0.964,3.124,0.248,3.998,1.066,1.02,1.113,1.034,1.049,1.087
257,256,28.859,0.11,0.012,-4.988,4.988,-4.988,4.988,-4.988,4.988,-2.788,2.16,-4.549,6.661,0.652,7.249,0.516,1.122,0.574,0.5,-0.166,0.539,0.516,1.0,0.574,0.5,0.0,0.539,0.0,3.0,0.0,3.0,0.0,2.988,0.0,1.0,0.0,0.978,0.0,0.572,-0.479,0.126,-1.793,4.229,3.056,4.719,-3.242,-2.76,-4.549,1.382,0.248,2.01,2.284,3.013,0.964,7.076,5.864,7.428,0.079,0.888,0.05,0.925,0.074,0.94,-0.391,3.013,-1.291,4.229,0.248,4.93,1.066,1.02,1.068,1.034,1.049,1.087
258,257,28.974,0.112,0.011,-4.422,4.422,-4.422,4.422,-4.422,4.422,-3.012,2.06,-4.773,6.982,0.428,7.193,0.677,1.288,0.907,0.408,-0.221,0.477,0.677,1.0,0.907,0.408,0.0,0.477,0.0,3.0,0.0,2.934,0.0,1.715,0.0,0.999,0.0,0.973,0.0,0.297,-0.479,-0.3,-1.904,4.229,3.056,4.63,-3.242,-2.76,-4.773,1.382,0.248,2.01,2.284,2.16,0.964,7.076,5.864,7.249,0.063,0.944,0.05,0.945,0.06,0.947,0.499,3.013,0.451,3.705,0.248,4.594,1.066,1.197,1.026,1.034,1.049,1.124
259,258,29.089,0.111,0.01,-2.814,2.814,-2.814,2.814,-2.814,2.814,-3.234,1.838,-4.995,6.766,0.206,6.972,0.828,1.432,0.852,0.408,-0.248,0.398,0.828,1.0,0.852,0.408,0.0,0.398,0.0,2.997,0.0,2.919,0.0,0.891,0.0,0.963,0.0,0.011,0.0,0.002,-0.479,-0.3,-2.016,4.182,3.035,4.63,-3.242,-2.76,-4.995,1.382,0.206,2.01,2.284,2.16,0.964,6.982,5.864,7.249,0.05,0.928,0.05,0.938,0.05,0.933,1.334,2.16,0.115,3.705,0.248,4.095,1.066,1.197,0.988,1.052,1.041,1.124
260,259,29.201,0.11,0.014,-0.452,0.452,-0.452,0.452,-0.452,0.452,-3.439,1.618,-4.683,6.546,0.457,6.752,0.634,1.281,0.648,0.612,-0.179,0.539,0.634,1.0,0.648,0.612,0.0,0.539,0.0,2.89,0.0,0.034,0.0,0.005,0.027,0.0,0.968,0.0,0.036,0.0,-0.577,-0.3,-2.016,4.182,3.035,4.63,-3.439,-2.76,-4.995,1.382,0.206,2.01,2.284,2.16,0.964,6.982,5.864,7.249,0.05,0.909,0.067,0.923,0.064,0.916,0.261,2.16,-1.134,4.809,0.206,4.834,1.029,1.197,0.988,1.052,1.041,1.124
261,260,29.314,0.111,0.004,2.62,-2.62,2.62,-2.62,2.62,-2.62,-3.108,1.396,-4.35,6.324,0.79,6.53,0.871,1.432,1.037,0.459,-0.297,0.383,0.871,1.0,1.0,0.459,0.0,0.383,0.082,0.001,2.904,0.0,0.108,0.0,0.995,0.0,1.0,0.0,1.0,0.0,-0.577,-0.3,-2.016,4.182,3.035,4.63,-3.439,-2.76,-4.995,1.382,0.206,2.01,2.284,2.16,0.964,6.982,5.864,7.249,0.069,0.884,0.091,0.905,0.088,0.894,1.546,2.16,0.964,3.952,0.206,4.017,1.029,1.197,0.988,1.052,1.041,1.124
262,261,29.428,0.111,0.01,4.73,-4.73,4.73,-4.73,4.73,-4.73,-2.775,1.174,-4.017,6.102,1.123,6.308,0.667,1.489,0.759,0.531,-0.214,0.523,0.667,1.0,0.759,0.531,0.0,0.523,2.986,0.0,2.999,0.0,3.0,0.0,1.0,0.0,1.0,0.0,1.0,0.0,-0.577,-0.3,-2.016,4.182,3.035,4.63,-3.439,-2.76,-4.995,1.382,0.206,2.01,2.284,2.16,0.964,6.982,5.864,7.249,0.094,0.854,0.122,0.883,0.12,0.868,0.378,2.16,-0.472,4.356,0.206,4.75,1.029,1.197,0.988,1.052,1.041,1.124
263,262,29.541,0.11,0.014,5.043,-5.043,5.043,-5.043,5.043,-5.043,-2.445,0.954,-3.687,5.882,1.453,6.088,0.527,1.237,0.5,0.704,-0.034,0.563,0.527,1.0,0.5,0.704,0.0,0.563,3.0,0.0,3.0,0.0,3.0,0.0,1.0,0.0,1.0,0.0,1.0,0.0,-0.577,-0.3,-2.016,4.182,3.035,4.63,-3.439,-2.76,-4.995,1.382,0.206,2.01,2.284,2.16,0.964,6.982,5.864,7.249,0.128,0.818,0.161,0.857,0.162,0.837,-0.423,2.16,-2.016,5.324,0.206,4.96,1.029,1.197,0.988,1.052,1.041,1.124
264,263,29.654,0.111,0.011,5.092,-5.092,5.092,-5.092,5.092,-5.092,-2.112,0.732,-3.354,5.66,1.786,5.866,0.161,1.05,0.204,0.827,-0.159,0.742,0.161,1.0,0.204,0.827,0.0,0.742,3.0,0.0,3.0,0.0,3.0,0.0,1.0,0.0,1.0,0.0,1.0,0.0,-0.577,-0.3,-2.016,4.182,3.035,4.63,-3.439,-2.76,-4.995,1.382,0.206,2.01,2.284,2.16,0.964,6.982,5.864,7.249,0.171,0.775,0.21,0.826,0.214,0.801,-2.518,2.16,-3.779,6.013,0.206,5.897,1.029,1.197,0.988,1.052,1.041,1.124
